0
1.0 0.0

0.01
1.0001 0.0002023794

0.02
0.9859 0.0007857686

0.03
0.9580 0.0016998075

0.04
0.9169 0.0028772028

0.05
0.8634 0.0042380170

0.060000000000000005
0.7983 0.0056945347

0.07
0.7229 0.0071564181

0.08
0.6383 0.0085358538

0.09
0.5459 0.0097524012

0.09999999999999999
0.4470 0.0107372815

0.10999999999999999
0.3432 0.0114368813

0.11999999999999998
0.2359 0.0118152998

0.12999999999999998
0.1269 0.0118558247

0.13999999999999999
0.0176 0.0115612871

0.15
-0.0904 0.0109533090

0.16
-0.1956 0.0100705190

0.17
-0.2965 0.0089658685

0.18000000000000002
-0.3918 0.0077032254

0.19000000000000003
-0.4801 0.0063534589

0.20000000000000004
-0.5604 0.0049902493

0.21000000000000005
-0.6317 0.0036858686

0.22000000000000006
-0.6929 0.0025071666

0.23000000000000007
-0.7435 0.0015119841

0.24000000000000007
-0.7828 0.0007461797

0.25000000000000006
-0.8104 0.0002414192

0.26000000000000006
-0.8261 0.0000138286

0.2700000000000001
-0.8300 0.0000635594

0.2800000000000001
-0.8219 0.0003752638

0.2900000000000001
-0.8024 0.0009194251

0.3000000000000001
-0.7717 0.0016544423

0.3100000000000001
-0.7305 0.0025293298

0.3200000000000001
-0.6796 0.0034868619

0.3300000000000001
-0.6197 0.0044669720

0.34000000000000014
-0.5519 0.0054102075

0.35000000000000014
-0.4772 0.0062610462

0.36000000000000015
-0.3969 0.0069708912

0.37000000000000016
-0.3120 0.0075005868

0.38000000000000017
-0.2239 0.0078223273

0.3900000000000002
-0.1339 0.0079208724

0.4000000000000002
-0.0432 0.0077940202

0.4100000000000002
0.0467 0.0074523336

0.4200000000000002
0.1348 0.0069181602

0.4300000000000002
0.2196 0.0062240196

0.4400000000000002
0.3002 0.0054104694

0.45000000000000023
0.3753 0.0045235850

0.46000000000000024
0.4441 0.0036122065

0.47000000000000025
0.5056 0.0027251132

0.48000000000000026
0.5590 0.0019082887

0.49000000000000027
0.6038 0.0012024243

0.5000000000000002
0.6393 0.0006407968

0.5100000000000002
0.6653 0.0002476248

0.5200000000000002
0.6815 0.0000369854

0.5300000000000002
0.6878 0.0000123307

0.5400000000000003
0.6842 0.0001666165

0.5500000000000003
0.6710 0.0004830155

0.5600000000000003
0.6485 0.0009361578

0.5700000000000003
0.6171 0.0014938132

0.5800000000000003
0.5773 0.0021189069

0.5900000000000003
0.5300 0.0027717466

0.6000000000000003
0.4758 0.0034123282

0.6100000000000003
0.4156 0.0040025888

0.6200000000000003
0.3504 0.0045084833

0.6300000000000003
0.2811 0.0049017716

0.6400000000000003
0.2089 0.0051614261

0.6500000000000004
0.1347 0.0052745919

0.6600000000000004
0.0596 0.0052370594

0.6700000000000004
-0.0152 0.0050532370

0.6800000000000004
-0.0888 0.0047356416

0.6900000000000004
-0.1600 0.0043039494

0.7000000000000004
-0.2280 0.0037836738

0.7100000000000004
-0.2918 0.0032045563

0.7200000000000004
-0.3506 0.0025987683

0.7300000000000004
-0.4035 0.0019990326

0.7400000000000004
-0.4499 0.0014367691

0.7500000000000004
-0.4894 0.0009403722

0.7600000000000005
-0.5213 0.0005337082

0.7700000000000005
-0.5454 0.0002349139

0.7800000000000005
-0.5614 0.0000555525

0.7900000000000005
-0.5692 0.0000001643

0.8000000000000005
-0.5688 0.0000662248

0.8100000000000005
-0.5604 0.0002445008

0.8200000000000005
-0.5441 0.0005197720

0.8300000000000005
-0.5203 0.0008718663

0.8400000000000005
-0.4896 0.0012769419

0.8500000000000005
-0.4523 0.0017089361

0.8600000000000005
-0.4091 0.0021410948

0.8700000000000006
-0.3607 0.0025474940

0.8800000000000006
-0.3079 0.0029044688

0.8900000000000006
-0.2515 0.0031918724

0.9000000000000006
-0.1923 0.0033940983

0.9100000000000006
-0.1312 0.0035008186

0.9200000000000006
-0.0691 0.0035074014

0.9300000000000006
-0.0070 0.0034149981

0.9400000000000006
0.0544 0.0032303018

0.9500000000000006
0.1142 0.0029650034

0.9600000000000006
0.1714 0.0026349828

0.9700000000000006
0.2255 0.0022592907

0.9800000000000006
0.2755 0.0018589825

0.9900000000000007
0.3210 0.0014558755

1.0000000000000007
0.3613 0.0010713020

1.0100000000000007
0.3958 0.0007249261

1.0200000000000007
0.4243 0.0004336910

1.0300000000000007
0.4463 0.0002109511

1.0400000000000007
0.4617 0.0000658314

1.0500000000000007
0.4703 0.0000028438

1.0600000000000007
0.4722 0.0000217743

1.0700000000000007
0.4673 0.0001178384

1.0800000000000007
0.4558 0.0002820882

1.0900000000000007
0.4381 0.0005020409

1.1000000000000008
0.4144 0.0007624870

1.1100000000000008
0.3851 0.0010464254

1.1200000000000008
0.3508 0.0013360726

1.1300000000000008
0.3120 0.0016138832

1.1400000000000008
0.2694 0.0018635273

1.1500000000000008
0.2235 0.0020707695

1.1600000000000008
0.1751 0.0022242031

1.1700000000000008
0.1249 0.0023158044

1.1800000000000008
0.0736 0.0023412792

1.1900000000000008
0.0221 0.0023001899

1.2000000000000008
-0.0291 0.0021958630

1.2100000000000009
-0.0791 0.0020350866

1.2200000000000009
-0.1273 0.0018276249

1.2300000000000009
-0.1730 0.0015855787

1.2400000000000009
-0.2156 0.0013226357

1.2500000000000009
-0.2545 0.0010532534

1.260000000000001
-0.2893 0.0007918246

1.270000000000001
-0.3194 0.0005518715

1.280000000000001
-0.3447 0.0003453132

1.290000000000001
-0.3646 0.0001818459

1.300000000000001
-0.3791 0.0000684658

1.310000000000001
-0.3881 0.0000091591

1.320000000000001
-0.3914 0.0000047697

1.330000000000001
-0.3891 0.0000530471

1.340000000000001
-0.3813 0.0001488672

1.350000000000001
-0.3682 0.0002846069

1.360000000000001
-0.3501 0.0004506478

1.370000000000001
-0.3273 0.0006359766

1.380000000000001
-0.3001 0.0008288452

1.390000000000001
-0.2691 0.0010174522

1.400000000000001
-0.2347 0.0011906065

1.410000000000001
-0.1975 0.0013383363

1.420000000000001
-0.1580 0.0014524115

1.430000000000001
-0.1168 0.0015267522

1.440000000000001
-0.0745 0.0015577037

1.450000000000001
-0.0318 0.0015441681

1.460000000000001
0.0107 0.0014875876

1.470000000000001
0.0526 0.0013917855

1.480000000000001
0.0930 0.0012626798

1.490000000000001
0.1316 0.0011078862

1.500000000000001
0.1678 0.0009362397

1.5100000000000011
0.2010 0.0007572610

1.5200000000000011
0.2310 0.0005806014

1.5300000000000011
0.2572 0.0004154973

1.5400000000000011
0.2794 0.0002702643

1.5500000000000012
0.2974 0.0001518584

1.5600000000000012
0.3109 0.0000655276

1.5700000000000012
0.3197 0.0000145687

1.5800000000000012
0.3239 0.0000002021

1.5900000000000012
0.3235 0.0000215664

1.6000000000000012
0.3185 0.0000758302

1.6100000000000012
0.3090 0.0001584109

1.6200000000000012
0.2953 0.0002632849

1.6300000000000012
0.2776 0.0003833699

1.6400000000000012
0.2562 0.0005109538

1.6500000000000012
0.2315 0.0006381473

1.6600000000000013
0.2038 0.0007573310

1.6700000000000013
0.1736 0.0008615753

1.6800000000000013
0.1415 0.0009450078

1.6900000000000013
0.1077 0.0010031100

1.7000000000000013
0.0729 0.0010329302

1.7100000000000013
0.0376 0.0010332006

1.7200000000000013
0.0022 0.0010043571

1.7300000000000013
-0.0327 0.0009484627

1.7400000000000013
-0.0666 0.0008690421

1.7500000000000013
-0.0991 0.0007708392

1.7600000000000013
-0.1298 0.0006595134

1.7700000000000014
-0.1581 0.0005412940

1.7800000000000014
-0.1838 0.0004226138

1.7900000000000014
-0.2066 0.0003097408

1.8000000000000014
-0.2261 0.0002084323

1.8100000000000014
-0.2421 0.0001236269

1.8200000000000014
-0.2545 0.0000591927

1.8300000000000014
-0.2630 0.0000177423

1.8400000000000014
-0.2677 0.0000005248

1.8500000000000014
-0.2686 0.0000073975

1.8600000000000014
-0.2656 0.0000368757

1.8700000000000014
-0.2589 0.0000862574

1.8800000000000014
-0.2487 0.0001518119

1.8900000000000015
-0.2350 0.0002290203

1.9000000000000015
-0.2182 0.0003128533

1.9100000000000015
-0.1986 0.0003980686

1.9200000000000015
-0.1764 0.0004795119

1.9300000000000015
-0.1520 0.0005524030

1.9400000000000015
-0.1258 0.0006125924

1.9500000000000015
-0.0982 0.0006567753

1.9600000000000015
-0.0696 0.0006826507

1.9700000000000015
-0.0404 0.0006890200

1.9800000000000015
-0.0111 0.0006758202

1.9900000000000015
0.0180 0.0006440930

2.0000000000000013
0.0464 0.0005958926

2.010000000000001
0.0737 0.0005341387

2.020000000000001
0.0997 0.0004624271

2.0300000000000007
0.1238 0.0003848067

2.0400000000000005
0.1458 0.0003055382

2.0500000000000003
0.1655 0.0002288490

2.06
0.1825 0.0001586967

2.07
0.1967 0.0000985550

2.0799999999999996
0.2079 0.0000512339

2.0899999999999994
0.2160 0.0000187422

2.099999999999999
0.2210 0.0000021988

2.109999999999999
0.2227 0.0000017976

2.1199999999999988
0.2212 0.0000168246

2.1299999999999986
0.2166 0.0000457257

2.1399999999999983
0.2091 0.0000862194

2.149999999999998
0.1986 0.0001354473

2.159999999999998
0.1855 0.0001901519

2.1699999999999977
0.1699 0.0002468713

2.1799999999999975
0.1522 0.0003021403

2.1899999999999973
0.1325 0.0003526842

2.199999999999997
0.1113 0.0003955970

2.209999999999997
0.0887 0.0004284932

2.2199999999999966
0.0653 0.0004496254

2.2299999999999964
0.0412 0.0004579630

2.239999999999996
0.0169 0.0004532281

2.249999999999996
-0.0073 0.0004358879

2.259999999999996
-0.0311 0.0004071054

2.2699999999999956
-0.0540 0.0003686532

2.2799999999999954
-0.0759 0.0003227953

2.289999999999995
-0.0964 0.0002721448

2.299999999999995
-0.1153 0.0002195064

2.3099999999999947
-0.1322 0.0001677136

2.3199999999999945
-0.1470 0.0001194684

2.3299999999999943
-0.1596 0.0000771936

2.339999999999994
-0.1696 0.0000429059

2.349999999999994
-0.1772 0.0000181143

2.3599999999999937
-0.1821 0.0000037517

2.3699999999999934
-0.1844 0.0000001398

2.3799999999999932
-0.1840 0.0000069897

2.389999999999993
-0.1810 0.0000234367

2.399999999999993
-0.1755 0.0000481068

2.4099999999999926
-0.1676 0.0000792088

2.4199999999999924
-0.1574 0.0001146482

2.429999999999992
-0.1451 0.0001521532

2.439999999999992
-0.1310 0.0001894084

2.4499999999999917
-0.1151 0.0002241853

2.4599999999999915
-0.0979 0.0002544650

2.4699999999999913
-0.0796 0.0002785453

2.479999999999991
-0.0603 0.0002951258

2.489999999999991
-0.0405 0.0003033690

2.4999999999999907
-0.0204 0.0003029332

2.5099999999999905
-0.0003 0.0002939760

2.5199999999999902
0.0196 0.0002771305

2.52999999999999
0.0388 0.0002534548

2.53999999999999
0.0573 0.0002243601

2.5499999999999896
0.0747 0.0001915203

2.5599999999999894
0.0907 0.0001567699

2.569999999999989
0.1053 0.0001219964

2.579999999999989
0.1181 0.0000890326

2.5899999999999888
0.1291 0.0000595554

2.5999999999999885
0.1381 0.0000349965

2.6099999999999883
0.1451 0.0000164695

2.619999999999988
0.1498 0.0000047169

2.629999999999988
0.1524 0.0000000805

2.6399999999999877
0.1528 0.0000024937

2.6499999999999875
0.1510 0.0000114981

2.6599999999999873
0.1471 0.0000262811

2.669999999999987
0.1411 0.0000457326

2.679999999999987
0.1333 0.0000685159

2.6899999999999866
0.1236 0.0000931502

2.6999999999999864
0.1124 0.0001180975

2.709999999999986
0.0997 0.0001418512

2.719999999999986
0.0858 0.0001630192

2.7299999999999858
0.0708 0.0001803988

2.7399999999999856
0.0551 0.0001930380

2.7499999999999853
0.0388 0.0002002818

2.759999999999985
0.0222 0.0002017991

2.769999999999985
0.0055 0.0001975919

2.7799999999999847
-0.0110 0.0001879846

2.7899999999999845
-0.0272 0.0001735960

2.7999999999999843
-0.0427 0.0001552956

2.809999999999984
-0.0574 0.0001341471

2.819999999999984
-0.0711 0.0001113423

2.8299999999999836
-0.0836 0.0000881311

2.8399999999999834
-0.0947 0.0000657488

2.849999999999983
-0.1043 0.0000453475

2.859999999999983
-0.1123 0.0000279341

2.869999999999983
-0.1186 0.0000143180

2.8799999999999826
-0.1231 0.0000050720

2.8899999999999824
-0.1258 0.0000005070

2.899999999999982
-0.1267 0.0000006631

2.909999999999982
-0.1258 0.0000053152

2.9199999999999817
-0.1231 0.0000139940

2.9299999999999815
-0.1187 0.0000260197

2.9399999999999813
-0.1127 0.0000405467

2.949999999999981
-0.1051 0.0000566159

2.959999999999981
-0.0962 0.0000732124

2.9699999999999807
-0.0861 0.0000893237

2.9799999999999804
-0.0748 0.0001039967

2.9899999999999802
-0.0627 0.0001163893

2.99999999999998
-0.0498 0.0001258141

3.00999999999998
-0.0365 0.0001317725

3.0199999999999796
-0.0228 0.0001339764

3.0299999999999794
-0.0089 0.0001323585

3.039999999999979
0.0048 0.0001270685

3.049999999999979
0.0183 0.0001184589

3.0599999999999787
0.0314 0.0001070583

3.0699999999999785
0.0438 0.0000935365

3.0799999999999783
0.0554 0.0000786627

3.089999999999978
0.0661 0.0000632591

3.099999999999978
0.0757 0.0000481533

3.1099999999999777
0.0840 0.0000341315

3.1199999999999775
0.0911 0.0000218956

3.1299999999999772
0.0968 0.0000120268

3.139999999999977
0.1010 0.0000049560

3.149999999999977
0.1037 0.0000009450

3.1599999999999766
0.1049 0.0000000764

3.1699999999999764
0.1046 0.0000022546

3.179999999999976
0.1029 0.0000072169

3.189999999999976
0.0997 0.0000145530

3.1999999999999758
0.0951 0.0000237329

3.2099999999999755
0.0892 0.0000341400

3.2199999999999753
0.0822 0.0000451086

3.229999999999975
0.0741 0.0000559625

3.239999999999975
0.0650 0.0000660535

3.2499999999999747
0.0552 0.0000747969

3.2599999999999745
0.0447 0.0000817021

3.2699999999999743
0.0338 0.0000863974

3.279999999999974
0.0225 0.0000886472

3.289999999999974
0.0110 0.0000883611

3.2999999999999736
-0.0004 0.0000855943

3.3099999999999734
-0.0117 0.0000805400

3.319999999999973
-0.0226 0.0000735147

3.329999999999973
-0.0331 0.0000649360

3.3399999999999728
-0.0429 0.0000552966

3.3499999999999726
-0.0521 0.0000451341

3.3599999999999723
-0.0603 0.0000349994

3.369999999999972
-0.0676 0.0000254255

3.379999999999972
-0.0738 0.0000168981

3.3899999999999717
-0.0788 0.0000098296

3.3999999999999715
-0.0827 0.0000045384

3.4099999999999713
-0.0854 0.0000012340

3.419999999999971
-0.0868 0.0000000084

3.429999999999971
-0.0869 0.0000008345

3.4399999999999706
-0.0858 0.0000035716

3.4499999999999704
-0.0835 0.0000079764

3.45999999999997
-0.0801 0.0000137201

3.46999999999997
-0.0756 0.0000204092

3.47999999999997
-0.0701 0.0000276101

3.4899999999999696
-0.0636 0.0000348738

3.4999999999999694
-0.0564 0.0000417624

3.509999999999969
-0.0484 0.0000478729

3.519999999999969
-0.0399 0.0000528587

3.5299999999999687
-0.0309 0.0000564476

3.5399999999999685
-0.0216 0.0000584544

3.5499999999999683
-0.0122 0.0000587890

3.559999999999968
-0.0027 0.0000574581

3.569999999999968
0.0067 0.0000545624

3.5799999999999677
0.0159 0.0000502873

3.5899999999999674
0.0247 0.0000448905

3.5999999999999672
0.0331 0.0000386851

3.609999999999967
0.0408 0.0000320203

3.619999999999967
0.0479 0.0000252605

3.6299999999999666
0.0542 0.0000187648

3.6399999999999664
0.0596 0.0000128666

3.649999999999966
0.0641 0.0000078560

3.659999999999966
0.0676 0.0000039645

3.6699999999999657
0.0701 0.0000013543

3.6799999999999655
0.0716 0.0000001107

3.6899999999999653
0.0721 0.0000002402

3.699999999999965
0.0715 0.0000016723

3.709999999999965
0.0699 0.0000042661

3.7199999999999647
0.0674 0.0000078198

3.7299999999999645
0.0639 0.0000120846

3.7399999999999642
0.0596 0.0000167796

3.749999999999964
0.0545 0.0000216088

3.759999999999964
0.0487 0.0000262781

3.7699999999999636
0.0422 0.0000305117

3.7799999999999634
0.0353 0.0000340672

3.789999999999963
0.0280 0.0000367477

3.799999999999963
0.0204 0.0000384121

3.8099999999999627
0.0126 0.0000389807

3.8199999999999625
0.0047 0.0000384382

3.8299999999999623
-0.0031 0.0000368324

3.839999999999962
-0.0108 0.0000342693

3.849999999999962
-0.0182 0.0000309059

3.8599999999999617
-0.0253 0.0000269395

3.8699999999999615
-0.0318 0.0000225951

3.8799999999999613
-0.0379 0.0000181125

3.889999999999961
-0.0433 0.0000137322

3.899999999999961
-0.0480 0.0000096813

3.9099999999999606
-0.0520 0.0000061622

3.9199999999999604
-0.0552 0.0000033409

3.92999999999996
-0.0576 0.0000013399

3.93999999999996
-0.0591 0.0000002316

3.9499999999999598
-0.0597 0.0000000366

3.9599999999999596
-0.0595 0.0000007238

3.9699999999999593
-0.0585 0.0000022135

3.979999999999959
-0.0566 0.0000043841

3.989999999999959
-0.0540 0.0000070794

3.9999999999999587
-0.0506 0.0000101188

4.009999999999959
-0.0466 0.0000133084

4.019999999999959
-0.0419 0.0000164518

4.0299999999999585
-0.0367 0.0000193617

4.039999999999958
-0.0311 0.0000218697

4.049999999999958
-0.0252 0.0000238354

4.059999999999958
-0.0189 0.0000251534

4.069999999999958
-0.0125 0.0000257581

4.079999999999957
-0.0060 0.0000256261

4.089999999999957
0.0005 0.0000247762

4.099999999999957
0.0070 0.0000232671

4.109999999999957
0.0132 0.0000211930

4.119999999999957
0.0191 0.0000186768

4.129999999999956
0.0247 0.0000158629

4.139999999999956
0.0299 0.0000129079

4.149999999999956
0.0345 0.0000099715

4.159999999999956
0.0386 0.0000072080

4.1699999999999555
0.0421 0.0000047569

4.179999999999955
0.0450 0.0000027364

4.189999999999955
0.0471 0.0000012368

4.199999999999955
0.0486 0.0000003166

4.209999999999955
0.0494 0.0000000002

4.2199999999999545
0.0494 0.0000002773

4.229999999999954
0.0488 0.0000011050

4.239999999999954
0.0475 0.0000024107

4.249999999999954
0.0455 0.0000040976

4.259999999999954
0.0429 0.0000060506

4.269999999999953
0.0397 0.0000081432

4.279999999999953
0.0360 0.0000102453

4.289999999999953
0.0318 0.0000122304

4.299999999999953
0.0273 0.0000139824

4.3099999999999525
0.0224 0.0000154023

4.319999999999952
0.0173 0.0000164128

4.329999999999952
0.0120 0.0000169620

4.339999999999952
0.0067 0.0000170257

4.349999999999952
0.0012 0.0000166079

4.3599999999999515
-0.0041 0.0000157395

4.369999999999951
-0.0093 0.0000144758

4.379999999999951
-0.0143 0.0000128929

4.389999999999951
-0.0190 0.0000110823

4.399999999999951
-0.0234 0.0000091458

4.40999999999995
-0.0274 0.0000071890

4.41999999999995
-0.0310 0.0000053156

4.42999999999995
-0.0340 0.0000036216

4.43999999999995
-0.0366 0.0000021899

4.4499999999999496
-0.0386 0.0000010862

4.459999999999949
-0.0400 0.0000003560

4.469999999999949
-0.0408 0.0000000224

4.479999999999949
-0.0410 0.0000000857

4.489999999999949
-0.0407 0.0000005240

4.4999999999999485
-0.0397 0.0000012950

4.509999999999948
-0.0383 0.0000023395

4.519999999999948
-0.0363 0.0000035844

4.529999999999948
-0.0338 0.0000049480

4.539999999999948
-0.0308 0.0000063444

4.549999999999947
-0.0275 0.0000076889

4.559999999999947
-0.0239 0.0000089021

4.569999999999947
-0.0199 0.0000099147

4.579999999999947
-0.0157 0.0000106707

4.589999999999947
-0.0114 0.0000111306

4.599999999999946
-0.0069 0.0000112727

4.609999999999946
-0.0025 0.0000110937

4.619999999999946
0.0020 0.0000106088

4.629999999999946
0.0064 0.0000098498

4.6399999999999455
0.0106 0.0000088630

4.649999999999945
0.0146 0.0000077061

4.659999999999945
0.0183 0.0000064447

4.669999999999945
0.0217 0.0000051484

4.679999999999945
0.0248 0.0000038863

4.689999999999944
0.0275 0.0000027239

4.699999999999944
0.0297 0.0000017189

4.709999999999944
0.0315 0.0000009185

4.719999999999944
0.0328 0.0000003572

4.729999999999944
0.0336 0.0000000548

4.739999999999943
0.0340 0.0000000162

4.749999999999943
0.0338 0.0000002312

4.759999999999943
0.0332 0.0000006761

4.769999999999943
0.0321 0.0000013147

4.7799999999999425
0.0306 0.0000021014

4.789999999999942
0.0287 0.0000029837

4.799999999999942
0.0264 0.0000039053

4.809999999999942
0.0237 0.0000048097

4.819999999999942
0.0208 0.0000056430

4.8299999999999415
0.0175 0.0000063570

4.839999999999941
0.0141 0.0000069120

4.849999999999941
0.0106 0.0000072782

4.859999999999941
0.0069 0.0000074377

4.869999999999941
0.0032 0.0000073845

4.87999999999994
-0.0005 0.0000071249

4.88999999999994
-0.0041 0.0000066768

4.89999999999994
-0.0077 0.0000060679

4.90999999999994
-0.0110 0.0000053342

4.9199999999999395
-0.0142 0.0000045178

4.929999999999939
-0.0171 0.0000036640

4.939999999999939
-0.0198 0.0000028188

4.949999999999939
-0.0221 0.0000020266

4.959999999999939
-0.0241 0.0000013271

4.9699999999999385
-0.0257 0.0000007541

4.979999999999938
-0.0269 0.0000003327

4.989999999999938
-0.0277 0.0000000793

4.999999999999938
-0.0281 0.0000000002

5.009999999999938
-0.0281 0.0000000915

