0
1.0 0.0

0.0010000000000000152
0.9992148475213504 4.930380657631324E-32

0.002000999999999941
0.9982871771263117 1.4914401489334754E-30

0.003000000000000074
0.997220315310668 2.7228027181768986E-29

0.0040000000000002065
0.996011623883412 1.066071557696333E-28

0.005000000000000339
0.9946624738287204 2.9996435921028974E-28

0.006000000000000472
0.9931732582543448 6.749198082231519E-28

0.007000000000000605
0.9915443897016883 1.5446389562293174E-27

0.008000000000000574
0.9897763000591867 2.4298888033070216E-27

0.009000999999999839
0.9878674643144765 4.1894553783541325E-27

0.010000999999999104
0.9858221670387857 6.4431323769574106E-27

0.01100099999999837
0.9836390600137311 8.968473349796175E-27

0.012000999999997635
0.9813186516158828 1.3383074560881042E-26

0.0130009999999969
0.9788614690963336 1.9228496890713807E-26

0.014000999999996166
0.976268058478473 2.634603138592532E-26

0.015000999999995431
0.9735389844532417 3.558010434174809E-26

0.01600099999999535
0.9706748302718803 4.520203801795508E-26

0.01700099999999635
0.9676761976361599 5.545003143006809E-26

0.01800099999999735
0.9645437065861573 6.824397480616876E-26

0.01900099999999835
0.9612779953855639 8.268371622364171E-26

0.02000099999999935
0.9578797204045507 9.885689319867632E-26

0.021000000000000348
0.9543531518144802 1.1807059894741723E-25

0.02200000000000135
0.9506919210544545 1.399015356385035E-25

0.02300000000000235
0.9469002023371953 1.652037561354017E-25

0.02400000000000335
0.9429787232219176 1.9212095979456196E-25

0.02500000000000435
0.938928228752947 2.2358143527401963E-25

0.02600000000000535
0.9347494813284133 2.575389390153896E-25

0.02700000000000635
0.9304432605666318 2.9473938830836494E-25

0.02800000000000735
0.9260103631702298 3.381827472197913E-25

0.02900000000000835
0.9214516027880393 3.7707503198352952E-25

0.03000000000000935
0.9167678098747191 4.276131470315291E-25

0.03100000000001035
0.9119598315482578 4.810203738437208E-25

0.032000000000011346
0.9070285314452259 5.408304148450422E-25

0.033000000000012346
0.9019747895739211 6.053529260048792E-25

0.034000000000013346
0.8967995021653664 6.762466845916853E-25

0.035000000000014346
0.8915035815222175 7.493341544223463E-25

0.036000000000015346
0.8860879558655761 8.302126117681963E-25

0.037000000000016346
0.8805535691797668 9.19488493450124E-25

0.038000000000017346
0.874901381055075 1.018469965042067E-24

0.039000000000018346
0.8691323665284841 1.1267487786996218E-24

0.040000000000019346
0.8632475159224425 1.2244734592840797E-24

0.04100000000002035
0.8572478346816399 1.3419060916263027E-24

0.04200000000002135
0.8511343432079322 1.4617604899696993E-24

0.04300000000002235
0.8449080766932899 1.5987908184322312E-24

0.04400000000002335
0.8385700849509308 1.739322937430894E-24

0.04500000000002435
0.832121432244565 1.88760393849393E-24

0.04600000000002535
0.8255631971158465 2.0467118952437526E-24

0.04700000000002635
0.8188964722100283 2.2089555987437322E-24

0.04800000000002735
0.8121223640998412 2.3797841180226344E-24

0.04900000000002835
0.8052419931076498 2.565858643867952E-24

0.05000000000002935
0.7982564931258984 2.7593053337175444E-24

0.05100000000003035
0.7911670114358602 2.9754646232533724E-24

0.05200000000003135
0.7839747085247649 3.190645565029355E-24

0.05300000000003235
0.7766807579012615 3.4116973082696055E-24

0.05400000000003335
0.7692863459093177 3.6439659016990485E-24

0.05500000000003435
0.7617926715405418 3.890887413879649E-24

0.05600000000003535
0.754200946244971 4.1364138625272206E-24

0.05700000000003635
0.7465123937403365 4.395036092454753E-24

0.05800000000003735
0.7387282498198724 4.659582569172883E-24

0.05900000000003835
0.7308497621586528 4.9501219017844796E-24

0.06000000000003935
0.7228781901185364 5.2408023542164496E-24

0.06100000000004035
0.7148148045516852 5.545003143006809E-24

0.06200000000004135
0.7066608876027558 5.8620853401261355E-24

0.06300000000004234
0.6984177325097456 6.183012999965333E-24

0.06400000000004334
0.6900866434035366 6.5226965920351624E-24

0.06500000000004434
0.6816689351061823 6.88893592923219E-24

0.06600000000004534
0.6731659329279625 7.213202134703944E-24

0.06700000000004634
0.6645789724631732 7.593185573585507E-24

0.06800000000004734
0.6559093993848432 7.979785792850789E-24

0.06900000000004834
0.6471585692382101 8.376627509751668E-24

0.07000000000004934
0.6383278472331277 8.784415041491037E-24

0.07100000000005034
0.6294186080353806 9.20728325180742E-24

0.07200000000005134
0.6204322355569497 9.63595567879729E-24

0.07300000000005234
0.6113701227452502 1.0073676648518835E-23

0.07400000000005334
0.6022336713713855 1.0532646770013867E-23

0.07500000000005434
0.5930242918174476 1.1009943917600171E-23

0.07600000000005534
0.583743402862886 1.1493300281147574E-23

0.07700000000005634
0.5743924314699805 1.1987040051011852E-23

0.07800000000005734
0.5649728125684598 1.2491948008208232E-23

0.07900000000005834
0.5554859888392859 1.2997663364541105E-23

0.08000000000005934
0.5459334104976374 1.352157685448891E-23

0.08100000000006034
0.5363165350751353 1.406999733151139E-23

0.08200000000006134
0.5266368272013349 1.4608095132180747E-23

0.08300000000006234
0.5168957583844977 1.516580072392481E-23

0.08400000000006334
0.5070948067917241 1.5725147417522667E-23

0.08500000000006434
0.4972354570284239 1.630134619226765E-23

0.08600000000006534
0.48731919991719835 1.689293144936845E-23

0.08700000000006634
0.4773475322761435 1.749459634895232E-23

0.08800000000006734
0.46732195669661497 1.809781422291722E-23

0.08900000000006834
0.4572439813204831 1.872614664552077E-23

0.09000000000006934
0.4471151196169244 1.9355919574359575E-23

0.09100000000007034
0.43693689015875625 1.9992136461414097E-23

0.09200000000007134
0.42671081639837216 2.0641162918069916E-23

0.09300000000007234
0.4164384264432985 2.1305168601476254E-23

0.09400000000007334
0.4061212528314081 2.197187926735618E-23

0.09500000000007434
0.39576083230581527 2.2655202462594517E-23

0.09600000000007534
0.3853587055895036 2.334255203470798E-23

0.09700000000007634
0.3749164171596983 2.4017860110407922E-23

0.09800000000007734
0.36443551502202204 2.4709419904046773E-23

0.09900000000007834
0.3539175504844853 2.539848423481957E-23

0.10000000000007934
0.343364077931307 2.611007107137086E-23

0.10100000000008034
0.3327766545966401 2.681366419856176E-23

0.10200000000008135
0.3221568403381914 2.753127173555675E-23

0.10300000000008235
0.3115061974108109 2.824065287079472E-23

0.10400000000008335
0.3008262902400442 2.896921477992013E-23

0.10500000000008435
0.29011868519571343 2.9705239901773123E-23

0.10600000000008535
0.2793849503655338 3.044498470925392E-23

0.10700000000008635
0.2686266553288118 3.118142717858512E-23

0.10800000000008735
0.25784537093025134 3.192416131283649E-23

0.10900000000008835
0.24704266905390704 3.266865692726691E-23

0.11000000000008935
0.23622012239730644 3.341050266624242E-23

0.11100000000009035
0.22537930424578043 3.415548613798705E-23

0.11200000000009135
0.2145217882470339 3.489982916638057E-23

0.11300000000009235
0.20364914818598362 3.564357837048323E-23

0.11400000000009335
0.19276295775989902 3.638847175569915E-23

0.11500000000009435
0.18186479035387795 3.7131258217467114E-23

0.11600000000009535
0.1709562188166839 3.787984112978866E-23

0.11700000000009635
0.16003881523698504 3.862140427706343E-23

0.11800000000009735
0.14911415072001585 3.9353438896723554E-23

0.11900000000009835
0.13818379516470025 4.007934205724962E-23

0.12000000000009935
0.127249317041266 4.0809751340718474E-23

0.12100000000010035
0.11631228316938085 4.153369725279036E-23

0.12200000000010135
0.10537425849683771 4.225336270756069E-23

0.12300000000010235
0.09443680587882569 4.2978117879024804E-23

0.12400000000010335
0.0835014858578174 4.3680965048674074E-23

0.12500000000010433
0.07256985644409171 4.4389697666292246E-23

0.12600000000010533
0.061643472896943184 4.508363151294383E-23

0.12700000000010633
0.05072388750658657 4.577177384024101E-23

0.12800000000010733
0.03981264937680287 4.644687256003746E-23

0.12900000000010833
0.028911304208346904 4.7117101227920677E-23

0.13000000000010933
0.018021394083152106 4.777591858239784E-23

0.13100000000011033
0.007144457249358267 4.842489543299946E-23

0.13200000000011133
-0.0037179720928052153 4.906313958354587E-23

0.13300000000011233
-0.014564364004253321 4.968730432006561E-23

0.13400000000011333
-0.02539319301936637 5.030134445187763E-23

0.13500000000011433
-0.03620293835736971 5.09037824633996E-23

0.13600000000011533
-0.04699208413274209 5.149262680595184E-23

0.13700000000011633
-0.05775911956462563 5.206633023526435E-23

0.13800000000011733
-0.06850253918520893 5.263747269202227E-23

0.13900000000011833
-0.07922084304704899 5.31831866652791E-23

0.14000000000011933
-0.08991253692931914 5.371401587383436E-23

0.14100000000012033
-0.1005761325429355 5.423153688644423E-23

0.14200000000012133
-0.1112101477345478 5.472874475751509E-23

0.14300000000012233
-0.12181310668936411 5.520739044972254E-23

0.14400000000012333
-0.13238354013277892 5.567569332651263E-23

0.14500000000012433
-0.14291998553077953 5.611228726668262E-23

0.14600000000012534
-0.15342098728910927 5.65372289177697E-23

0.14700000000012634
-0.16388509695114803 5.695539453101483E-23

0.14800000000012734
-0.17431087339449405 5.733768456143503E-23

0.14900000000012834
-0.18469688302622472 5.770607153007606E-23

0.15000000000012934
-0.19504169997679355 5.807140784879635E-23

0.15100000000013034
-0.20534390629255117 5.839801459301831E-23

0.15200000000013134
-0.21560209212686865 5.870511996997281E-23

0.15300000000013234
-0.22581485592982015 5.899341629754881E-23

0.15400000000013334
-0.23598080463641635 5.926019563196285E-23

0.15500000000013434
-0.24609855385335613 5.95091617144539E-23

0.15600000000013534
-0.25616672804427465 5.973204709091262E-23

0.15700000000013634
-0.26618396071346273 5.993300013740204E-23

0.15800000000013734
-0.2761488945880311 6.010244019677651E-23

0.15900000000013834
-0.28606018179850146 6.023333914083106E-23

0.16000000000013934
-0.29591648405779014 6.02514350584105E-23

0.16100000000014034
-0.30571647283859615 6.034713005843409E-23

0.16200000000014134
-0.31545882954908544 6.043426986810354E-23

0.16300000000014234
-0.3251422457069629 6.049815478243673E-23

0.16400000000014334
-0.33476542311182733 6.053183743902685E-23

0.16500000000014434
-0.344327074015816 6.054479480295134E-23

0.16600000000014534
-0.35382592129251134 6.05128358136021E-23

0.16700000000014634
-0.36326069860409765 6.047484151139349E-23

0.16800000000014734
-0.372630150566725 6.037990795627717E-23

0.16900000000014834
-0.3819330329140949 6.030487695812466E-23

0.17000000000014934
-0.3911681126591966 6.016873305047462E-23

0.17100000000015034
-0.4003341682542333 6.000607945669718E-23

0.17200000000015134
-0.4094299897486648 5.980843818387334E-23

0.17300000000015234
-0.41845437894538 5.961540892778362E-23

0.17400000000015334
-0.42740614955495854 5.939873090981731E-23

0.17500000000015434
-0.4362841273480252 5.914572694725676E-23

0.17600000000015534
-0.4450871503056569 5.886600189925366E-23

0.17700000000015634
-0.4538140687678354 5.856739639301196E-23

0.17800000000015734
-0.4624637455799167 5.821617096471189E-23

0.17900000000015834
-0.4710350562371205 5.785080106316598E-23

0.18000000000015934
-0.47952688902699253 5.746722223971597E-23

0.18100000000016034
-0.4879381451698467 5.710840879842792E-23

0.18200000000016134
-0.49626773895714865 5.668633720204034E-23

0.18300000000016234
-0.5045145978878613 5.62699950993259E-23

0.18400000000016334
-0.512677662802676 5.579795019997251E-23

0.18500000000016434
-0.5207558880161809 5.530807586086976E-23

0.18600000000016534
-0.5287482414468886 5.477926824088811E-23

0.18700000000016634
-0.5366537047451566 5.419577317145271E-23

0.18800000000016734
-0.5444712734189592 5.362028009749869E-23

0.18900000000016834
-0.5521999569574918 5.304947612369887E-23

0.19000000000016934
-0.5598387789526115 5.2425441208847275E-23

0.19100000000017034
-0.5673867772181007 5.180509838489924E-23

0.19200000000017134
-0.5748430039067081 5.1155091592923874E-23

0.19300000000017234
-0.5822065256249946 5.048867566828115E-23

0.19400000000017334
-0.5894764235459403 4.9785885835684846E-23

0.19500000000017434
-0.5966517935193228 4.9069354958240015E-23

0.19600000000017534
-0.6037317461798286 4.8344121897304707E-23

0.19700000000017634
-0.6107154070529089 4.7587519190827606E-23

0.19800000000017734
-0.6176019166583567 4.6776118853215006E-23

0.19900000000017834
-0.6243904306116043 4.6007835088883845E-23

0.20000000000017934
-0.6310801197226934 4.5216046326413105E-23

0.20100000000018034
-0.6376701700929649 4.4361593793964504E-23

0.20200000000018134
-0.644159783209427 4.3535800602854486E-23

0.20300000000018234
-0.6505481760367604 4.270035256777737E-23

0.20400000000018334
-0.6568345811070144 4.1812673090741344E-23

0.20500000000018434
-0.6630182466069487 4.090448957803467E-23

0.20600000000018534
-0.6690984364630039 4.002172803244511E-23

0.20700000000018634
-0.6750744304239018 3.911109382472875E-23

0.20800000000018734
-0.6809455241408888 3.8191725694196433E-23

0.20900000000018834
-0.6867110292455786 3.7302275754444106E-23

0.21000000000018934
-0.6923702734253983 3.638713233151184E-23

0.21100000000019034
-0.6979226004966517 3.5429145564668235E-23

0.21200000000019134
-0.7033673704751677 3.44370134465802E-23

0.21300000000019234
-0.7087039596445349 3.3460255179829036E-23

0.21400000000019334
-0.7139317606219051 3.246085124330906E-23

0.21500000000019434
-0.7190501824213984 3.148033713583243E-23

0.21600000000019534
-0.7240586505150464 3.0500142541674315E-23

0.21700000000019634
-0.7289566068913201 2.949564142971906E-23

0.21800000000019734
-0.733743510111215 2.850558865036958E-23

0.21900000000019834
-0.7384188353618748 2.750913978680056E-23

0.22000000000019934
-0.7429820745077818 2.6497261259985635E-23

0.22100000000020034
-0.7474327361394881 2.548528357088973E-23

0.22200000000020134
-0.7517703456198884 2.4496305404982432E-23

0.22300000000020234
-0.7559944451280255 2.350536250703497E-23

0.22400000000020334
-0.7601045937004498 2.2521177965351813E-23

0.22500000000020434
-0.7641003672700976 2.154773218717143E-23

0.22600000000020534
-0.7679813587027101 2.059478396121113E-23

0.22700000000020634
-0.7717471778307777 1.9648620493703555E-23

0.22800000000020734
-0.7753974514850194 1.87026127399431E-23

0.22900000000020834
-0.7789318235233836 1.7716333661623015E-23

0.23000000000020934
-0.782349954857604 1.6806798386451436E-23

0.23100000000021034
-0.7856515234772187 1.5895546266453208E-23

0.23200000000021134
-0.7888362244711948 1.5003669987771647E-23

0.23300000000021234
-0.791903770047028 1.412335272769692E-23

0.23400000000021334
-0.7948538895473948 1.3256709212774742E-23

0.23500000000021434
-0.7976863294643266 1.2409680601001369E-23

0.23600000000021534
-0.8004008534509189 1.160044223530714E-23

0.23700000000021634
-0.8029972423305629 1.0787833806522002E-23

0.23800000000021734
-0.8054752941037375 9.994899420801655E-24

0.23900000000021834
-0.8078348239523228 9.268021597204912E-24

0.24000000000021934
-0.8100756642414283 8.528331070133666E-24

0.24100000000022034
-0.8121976645188331 7.803883468140925E-24

0.24200000000022134
-0.814200691511913 7.102114926919996E-24

0.24300000000022234
-0.8160846291221452 6.4367833285693525E-24

0.24400000000022334
-0.8178493784171593 5.793473374033633E-24

0.24500000000022434
-0.8194948576203631 5.178970499692902E-24

0.24600000000022534
-0.8210210020981189 4.58701269070366E-24

0.24700000000022634
-0.8224277643445048 4.028740265421342E-24

0.24800000000022734
-0.8237151139636377 3.4987842858288195E-24

0.24900000000022834
-0.8248830376495909 2.9923412176368313E-24

0.2500000000002293
-0.8259315391639048 2.534300965933829E-24

0.25100000000020256
-0.8268606393106637 2.1724757985395796E-24

0.2520000000001758
-0.8276703759092217 1.821085707851497E-24

0.25300000000014905
-0.8283608037644979 1.484939146213549E-24

0.2540000000001223
-0.8289319946349093 1.1695735720537417E-24

0.25500000000009554
-0.8293840371979255 8.801037622663015E-25

0.2560000000000688
-0.8297170370132522 6.157629317254019E-25

0.25700000000004203
-0.829931116483673 3.8944634312965804E-25

0.2580000000000153
-0.8300264148135219 2.0790736073295704E-25

0.2590009999999885
-0.8300030053223301 7.709883985966147E-26

0.26000099999996173
-0.8298611076081215 8.88455827100329E-27

0.261000999999935
-0.8296009469231161 9.26528226538558E-27

0.2620009999999082
-0.8292227292326306 8.68859412878991E-26

0.26300099999988147
-0.8287266770610026 2.502665659156252E-25

0.2640009999998547
-0.8281130294361818 5.086646114346554E-25

0.26500099999982796
-0.8273820418320493 8.74903751416456E-25

0.2660009999998012
-0.8265339861084747 1.355573267046628E-24

0.26700099999977445
-0.8255691504491095 1.96028632824976E-24

0.2680009999997477
-0.8244878392969478 2.69586460970375E-24

0.26900099999972094
-0.8232903732876521 3.5764630740392865E-24

0.2700009999996942
-0.8219770891806698 4.6098679632801756E-24

0.2710009999996674
-0.8205483397881372 5.816477655039574E-24

0.27200099999964067
-0.8190044939016071 7.188177001600005E-24

0.2730009999996139
-0.8173459362165791 8.746286287801891E-24

0.27400099999958716
-0.815573067254886 1.0510319257708896E-23

0.2750009999995604
-0.8136863032849273 1.2480963317318256E-23

0.27600099999953365
-0.8116860762397649 1.4648009682070038E-23

0.2770009999995069
-0.8095728336330908 1.7061730485301716E-23

0.27800099999948014
-0.8073470384731155 1.973631654583731E-23

0.2790009999994534
-0.8050091691743524 2.2633013493986025E-23

0.2800009999994266
-0.8025597194673143 2.5791092994977255E-23

0.28100099999939987
-0.7999991983061776 2.9253749127676376E-23

0.2820009999993731
-0.7973281297744006 3.298670962051488E-23

0.28300099999934636
-0.7945470529882965 3.70382951005362E-23

0.2840009999993196
-0.7916565219986265 4.139161306055329E-23

0.28500099999929285
-0.788657105690178 4.605453628309646E-23

0.2860009999992661
-0.7855493876793804 5.105032904046968E-23

0.28700099999923934
-0.7823339662099632 5.63933192530571E-23

0.2880009999992126
-0.7790114540466745 6.206338126725165E-23

0.2890009999991858
-0.7755824783670718 6.809475596042299E-23

0.29000099999915907
-0.7720476806514179 7.454373527580228E-23

0.2910009999991323
-0.7684077165707055 8.119637530412055E-23

0.29200099999910556
-0.7646632558727541 8.837738114100974E-23

0.2930009999990788
-0.7608149822665605 9.599093076443308E-23

0.29400099999905205
-0.7568635933047385 1.0401410888675548E-22

0.2950009999990253
-0.7528098002641788 1.1249346437807917E-22

0.29600099999899854
-0.7486543280249304 1.2132215443509096E-22

0.2970009999989718
-0.7443979149472838 1.3063401872738866E-22

0.298000999998945
-0.7400413127471432 1.404032633029605E-22

0.29900099999891827
-0.7355852863696413 1.506310079498614E-22

0.3000009999988915
-0.731030613861056 1.613113463432345E-22

0.30100099999886476
-0.7263780862390365 1.7254408497991905E-22

0.302000999998838
-0.7216285073611765 1.8422718647676177E-22

0.30300099999881125
-0.7167826937919186 1.9636453255943226E-22

0.3040009999987845
-0.7118414746678499 2.09030274957404E-22

0.30500099999875774
-0.7068056915613976 2.222043522969077E-22

0.306000999998731
-0.7016761983429329 2.3595149470743274E-22

0.3070009999987042
-0.6964538610413312 2.501568713678137E-22

0.30800099999867747
-0.6911395577029744 2.648714045930113E-22

0.3090009999986507
-0.6857341782492573 2.801550649695471E-22

0.31000099999862396
-0.6802386243326013 2.958788529701889E-22

0.3110009999985972
-0.6746538091909791 3.1223199633340565E-22

0.31200099999857045
-0.6689806575010269 3.290491498011371E-22

0.3130009999985437
-0.6632201052296995 3.463528519306322E-22

0.31400099999851694
-0.6573730994845407 3.6434148982572292E-22

0.3150009999984902
-0.651440598362591 3.8283330608814936E-22

0.3160009999984634
-0.6454235707979138 4.0182735510787924E-22

0.31700099999843667
-0.6393229964078093 4.2135417793068105E-22

0.3180009999984099
-0.633139865337713 4.418061965569746E-22

0.31900099999838316
-0.6268751781048539 4.624754348374461E-22

0.3200009999983564
-0.6205299454405696 4.83705072164289E-22

0.32100099999832965
-0.6141051881314732 5.055009605049134E-22

0.3220009999983029
-0.6076019368593695 5.278842805897353E-22

0.32300099999827614
-0.6010212320399967 5.508306518096621E-22

0.3240009999982494
-0.5943641236606096 5.742119831833574E-22

0.32500099999822263
-0.5876316711164163 5.982747971949693E-22

0.3260009999981959
-0.5808249430459328 6.227871706119073E-22

0.3270009999981691
-0.5739450171652156 6.480290521242413E-22

0.32800099999814236
-0.5669929801010809 6.735879319679196E-22

0.3290009999981156
-0.5599699272232351 6.99705750861323E-22

0.33000099999808885
-0.552876962475447 7.263502544267525E-22

0.3310009999980621
-0.5457151982057089 7.534865336463038E-22

0.33200099999803534
-0.5384857549954474 7.811328737364401E-22

0.3330009999980086
-0.5311897614878024 8.093783761912794E-22

0.33400099999798183
-0.5238283542150064 8.381062384811276E-22

0.3350009999979551
-0.5164026774248706 8.673481570494824E-22

0.3360009999979283
-0.508913882906433 8.969451913136914E-22

0.33700099999790156
-0.5013631298147586 9.272145532877966E-22

0.3380009999978748
-0.4937515844949711 9.578041125382319E-22

0.33900099999784805
-0.48608042030546816 9.887993322370943E-22

0.3400009999978213
-0.4783508174404186 1.020203002720991E-21

0.34100099999779454
-0.4705639627515263 1.0521083922997269E-21

0.3420009999977678
-0.4627210495691 1.0843734096368277E-21

0.34300099999774103
-0.4548232775224508 1.1170477947635428E-21

0.3440009999977143
-0.44687185235964905 1.1500264463085778E-21

0.3450009999976875
-0.43886798576666514 1.183385555231498E-21

0.34600099999766076
-0.4308128951859208 1.2169892052973063E-21

0.347000999997634
-0.4227078036342751 1.251031892158989E-21

0.34800099999760725
-0.4145539395204817 1.2853093221998866E-21

0.3490009999975805
-0.40635253646212705 1.3199290076180127E-21

0.35000099999755374
-0.39810483310209327 1.354845290438398E-21

0.351000999997527
-0.3898120729245629 1.3902629222114575E-21

0.35200099999750023
-0.3814755040706033 1.4257434504746248E-21

0.3530009999974735
-0.3730963791533293 1.4613824192134456E-21

0.3540009999974467
-0.3646759550727134 1.4972035726727808E-21

0.35500099999741996
-0.3562154928300341 1.5332454241729293E-21

0.3560009999973932
-0.34771625734201445 1.5695136131418357E-21

0.35700099999736645
-0.33917951725465845 1.6058097751708264E-21

0.3580009999973397
-0.3306065447568204 1.6423678612748563E-21

0.35900099999731294
-0.3219986153935438 1.6790189586463768E-21

0.3600009999972862
-0.31335700787917947 1.7157709777237005E-21

0.36100099999725943
-0.30468300391031916 1.752474680506553E-21

0.3620009999972327
-0.29597788797857133 1.7892897325438395E-21

0.3630009999972059
-0.28724294718320786 1.8261079060051206E-21

0.36400099999717916
-0.2784794710437007 1.8629464152651583E-21

0.3650009999971524
-0.2696887513121882 1.899736621142159E-21

0.36600099999712565
-0.260872081785881 1.936358894630131E-21

0.3670009999970989
-0.25203075811944986 1.9729313401226995E-21

0.36800099999707214
-0.24316607763741416 2.0094627061304444E-21

0.3690009999970454
-0.23427933914656446 2.04595756001934E-21

0.37000099999701863
-0.22537184274843458 2.0821830017990838E-21

0.3710009999969919
-0.21644488965185713 2.1183379706652077E-21

0.3720009999969651
-0.20749978198563507 2.154201206679904E-21

0.37300099999693836
-0.19853782261134156 2.189900463504042E-21

0.3740009999969116
-0.1895603149362879 2.2253274330814144E-21

0.37500099999688485
-0.18056856272667682 2.2604764718541127E-21

0.3760009999968581
-0.17156386992097555 2.295392926391182E-21

0.37700099999683134
-0.16254754044352732 2.3298106099560675E-21

0.3780009999968046
-0.15352087801842862 2.3639715745304335E-21

0.37900099999677783
-0.1444851859837079 2.397739625251146E-21

0.3800009999967511
-0.13544176710582026 2.431150429570403E-21

0.3810009999967243
-0.12639192339448718 2.4640621329401947E-21

0.38200099999669757
-0.11733695591791164 2.4965793221333495E-21

0.3830009999966708
-0.10827816461838945 2.528576875759334E-21

0.38400099999664405
-0.09921684812834654 2.5601251024310703E-21

0.3850009999966173
-0.09015430358682332 2.5910748474341606E-21

0.38600099999659054
-0.08109182645643609 2.6215397401992935E-21

0.3870009999965638
-0.0720307103408386 2.6514022934762943E-21

0.38800099999653703
-0.0629722468027086 2.6806090495635788E-21

0.3890009999965103
-0.05391772518228752 2.7092642319009836E-21

0.3900009999964835
-0.04486843241649479 2.7371880737363507E-21

0.39100099999645677
-0.03582565285864402 2.7644947101612197E-21

0.39200099999643
-0.02679066809878526 2.791029878745866E-21

0.39300099999640326
-0.0177647567846984 2.8169220325517514E-21

0.3940009999963765
-0.008749194443562461 2.84197871921091E-21

0.39500099999634974
2.5474669567629655E-4 2.8663353035199916E-21

0.396000999996323
0.009245797879210484 2.8898251835087406E-21

0.39700099999629623
0.018222694004529843 2.9125750047456815E-21

0.3980009999962695
0.02718417379580645 2.9344898335856193E-21

0.3990009999962427
0.036128979978483536 2.9554791371027824E-21

0.40000099999621597
0.04505585945304307 2.975602943729949E-21

0.4010009999961892
0.05396356346793228 2.9948205613267224E-21

0.40200099999616246
0.06285084779161677 3.013178205968529E-21

0.4030009999961357
0.07171647288374906 3.030535271764923E-21

0.40400099999610894
0.08055920406541951 3.0470519644043342E-21

0.4050009999960822
0.08937781168846938 3.0624276587658327E-21

0.40600099999605543
0.09817107130384946 3.076895125143554E-21

0.4070009999960287
0.10693776382898905 3.0902640654085733E-21

0.4080009999960019
0.11567667571416443 3.1026538953209857E-21

0.40900099999597517
0.12438659910783968 3.1140337891209472E-21

0.4100009999959484
0.13306633202095505 3.1242460314400358E-21

0.41100099999592166
0.14171467849014918 3.1335458076846524E-21

0.4120009999958949
0.15033044873988075 3.1416271643873277E-21

0.41300099999586815
0.15891245934344422 3.1487189591493072E-21

0.4140009999958414
0.16745953338284075 3.154540321702243E-21

0.41500099999581463
0.17597050060749933 3.1592998787001017E-21

0.4160009999957879
0.18444419759181438 3.162917168929016E-21

0.4170009999957611
0.19287946789148475 3.1654932913396622E-21

0.41800099999573437
0.20127516219863453 3.1667926792583075E-21

0.4190009999957076
0.20963013849569453 3.166986360865388E-21

0.42000099999568086
0.21794326220802074 3.165927432160462E-21

0.4210009999956541
0.22621340635523426 3.1638319626238703E-21

0.42200099999562735
0.23443945170125893 3.16055430403391E-21

0.4230009999956006
0.24262028690304216 3.1560214505955878E-21

0.42400099999557384
0.25075480865793487 3.1503326954830122E-21

0.4250009999955471
0.2588419218497145 3.143425818031071E-21

0.4260009999955203
0.26688053969322806 3.1353701215368987E-21

0.42700099999549357
0.27486958387764426 3.126126607099332E-21

0.4280009999954668
0.2828079847082845 3.115657204935115E-21

0.42900099999544006
0.29069468124703046 3.103943415294597E-21

0.4300009999954133
0.2985286214512738 3.0912392781612256E-21

0.43100099999538655
0.30630876231139703 3.0771876552090302E-21

0.4320009999953598
0.31403406998677696 3.0619822432275823E-21

0.43300099999533304
0.3217035199402779 3.0456257361984435E-21

0.4340009999953063
0.32931609707122494 3.02801772878074E-21

0.4350009999952795
0.336870795846847 3.009608014129145E-21

0.43600099999525277
0.3443666204321499 2.9897791023382553E-21

0.437000999995226
0.35180258481824533 2.968805756265217E-21

0.43800099999519926
0.35917771294907325 2.9467068006303155E-21

0.4390009999951725
0.3664910388465271 2.9235137104012677E-21

0.44000099999514575
0.37374160673396617 2.899031234556874E-21

0.441000999995119
0.3809284711580957 2.873663664486705E-21

0.44200099999509224
0.3880506971091901 2.847169314567194E-21

0.4430009999950655
0.3951073601396619 2.819423942866576E-21

0.4440009999950387
0.4020975464809599 2.790799669279503E-21

0.44500099999501197
0.40902035315875507 2.761008703764552E-21

0.4460009999949852
0.415874888106444 2.7303448835582228E-21

0.44700099999495846
0.42266027027691705 2.6986006226650753E-21

0.4480009999949317
0.4293756297526044 2.666055896205101E-21

0.44900099999490495
0.4360201078537672 2.6324552753559242E-21

0.4500009999948782
0.4425928572450387 2.5980037582455413E-21

0.45100099999485144
0.4490930420401879 2.562621271991502E-21

0.4520009999948247
0.4555198379050995 2.5263205519642602E-21

0.4530009999947979
0.461872432158963 2.4891763774906877E-21

0.45400099999477117
0.4681500238736459 2.4512408134490774E-21

0.4550009999947444
0.4743518239712539 2.4125058006638582E-21

0.45600099999471766
0.48047705531985746 2.373024542425891E-21

0.4570009999946909
0.48652495282737357 2.332726729152741E-21

0.45800099999466415
0.49249476353360333 2.2917002926827523E-21

0.4590009999946374
0.4983857467003955 2.249937071285355E-21

0.46000099999461064
0.5041971738999456 2.2074832175852024E-21

0.4610009999945839
0.5099283291012052 2.1643902425230758E-21

0.4620009999945571
0.5155785087544043 2.1208016325883455E-21

0.46300099999453037
0.5211470218736634 2.076846805835932E-21

0.4640009999945036
0.5266331901176999 2.0324312016077336E-21

0.46500099999447686
0.5320363478686118 1.987456157230572E-21

0.4660009999944501
0.5373558423087375 1.9418784774915945E-21

0.46700099999442335
0.5425910334955728 1.8958625475804874E-21

0.4680009999943966
0.5477412944347477 1.8496629909049682E-21

0.46900099999436984
0.5528060111510388 1.8030243219925876E-21

0.4700009999943431
0.5577845827574381 1.7559296069825907E-21

0.4710009999943163
0.5626764215222546 1.7088522477506733E-21

0.47200099999428957
0.5674809529342141 1.6613464516037242E-21

0.4730009999942628
0.5721976157656231 1.6137163655524065E-21

0.47400099999423606
0.5768258621335066 1.5658562938464673E-21

0.4750009999942093
0.5813651575587817 1.5179985362023637E-21

0.47600099999418255
0.5858149810234117 1.4701852997230353E-21

0.4770009999941558
0.5901748250255663 1.4219479434932383E-21

0.47800099999412904
0.5944441956327929 1.3739966065956294E-21

0.4790009999941023
0.5986226125331323 1.3262045580204207E-21

0.48000099999407553
0.6027096090842526 1.2785596845618935E-21

0.4810009999940488
0.6067047323605468 1.2310383570749234E-21

0.482000999994022
0.6106075431982119 1.1836911116284502E-21

0.48300099999399526
0.6144176162382938 1.1367032996340402E-21

0.4840009999939685
0.6181345399676975 1.0899412308989112E-21

0.48500099999394175
0.6217579167581746 1.0436878285008501E-21

0.486000999993915
0.6252873629032528 9.976726210384208E-22

0.48700099999388824
0.628722508653152 9.522082528484608E-22

0.4880009999938615
0.632062998247631 9.072087717174971E-22

0.48900099999383473
0.6353084899468067 8.626461890948056E-22

0.490000999993808
0.6384586560599315 8.188118287981902E-22

0.4910009999937812
0.6415131829721009 7.755081059583818E-22

0.49200099999375446
0.6444717711689456 7.3302003630393365E-22

0.4930009999937277
0.6473341352592433 6.9113334573798415E-22

0.49400099999370095
0.650100003995516 6.5024104821478085E-22

0.4950009999936742
0.6527691202925381 6.100416189219613E-22

0.49600099999364744
0.65534124124384 5.707798948190899E-22

0.4970009999936207
0.6578161381361306 5.324396248784812E-22

0.49800099999359393
0.6601935964616882 4.950566533496206E-22

0.4990009999935672
0.6624734159287045 4.586489589765096E-22

0.5000009999935404
0.6646554104695781 4.231244950035369E-22

0.5010009999935692
0.6667394082471862 3.8439023574380105E-22

0.5020009999935979
0.6687252516590786 3.4765991290208736E-22

0.5030009999936267
0.6706127973396648 3.128247330685831E-22

0.5040009999936554
0.6724019161603639 2.800435796951548E-22

0.5050009999936842
0.6740924932276955 2.490833734735556E-22

0.506000999993713
0.6756844278793841 2.2016023931624216E-22

0.5070009999937417
0.6771776336783895 1.931233750103724E-22

0.5080009999937705
0.6785720384049498 1.6787728729169179E-22

0.5090009999937992
0.6798675840466035 1.445563822812319E-22

0.510000999993828
0.6810642267861713 1.2305499055697227E-22

0.5110009999938567
0.6821619369877596 1.0336293418620994E-22

0.5120009999938855
0.6831606991807393 8.540525676437025E-23

0.5130009999939142
0.6840605120417431 6.924845501331003E-23

0.514000999993943
0.6848613883746474 5.485489160270622E-23

0.5150009999939718
0.6855633550885819 4.221277831288117E-23

0.5160009999940005
0.6861664531739503 3.127759380649647E-23

0.5170009999940293
0.6866707376764798 2.203072470095225E-23

0.518000999994058
0.6870762776692958 1.444138620478628E-23

0.5190009999940868
0.6873831562230371 8.473948774264766E-24

0.5200009999941155
0.6875914703740184 4.110262630481078E-24

0.5210009999941443
0.6877013310904362 1.3191113271464077E-24

0.522000999994173
0.6877128632366436 7.580953299173923E-26

0.5230009999942018
0.6876262055354875 3.4859176686418254E-25

0.5240009999942306
0.6874415105287189 2.0949602675586384E-24

0.5250009999942593
0.6871589445354861 5.293290311555026E-24

0.5260009999942881
0.6867786876089356 9.911537444436894E-24

0.5270009999943168
0.6863009334908943 1.5925659848218662E-23

0.5280009999943456
0.6857258895646762 2.3287336082344098E-23

0.5290009999943743
0.6850537768059964 3.1979386901013074E-23

0.5300009999944031
0.6842848297320304 4.1956376430578995E-23

0.5310009999944318
0.6834192963485961 5.322590428583182E-23

0.5320009999944606
0.6824574380955089 6.566700165448812E-23

0.5330009999944894
0.6813995297900585 7.93719858961018E-23

0.5340009999945181
0.6802458595687102 9.419592778098848E-23

0.5350009999945469
0.6789967288269345 1.101460592654525E-22

0.5360009999945756
0.6776524521572663 1.2716775928761567E-22

0.5370009999946044
0.6762133572855495 1.4528344658415106E-22

0.5380009999946331
0.6746797850054135 1.6439995766822821E-22

0.5390009999946619
0.6730520891109598 1.8449551395147267E-22

0.5400009999946906
0.6713306363277016 2.055456988453391E-22

0.5410009999947194
0.6695158062417518 2.275518632248239E-22

0.5420009999947482
0.6676079912272792 2.5042033581086675E-22

0.5430009999947769
0.6656075963722385 2.740305916610288E-22

0.5440009999948057
0.6635150394023843 2.9853546567316375E-22

0.5450009999948344
0.661330750603613 3.238417995373408E-22

0.5460009999948632
0.6590551727426041 3.4976214437178036E-22

0.5470009999948919
0.6566887609857847 3.763915950536539E-22

0.5480009999949207
0.6542319828166656 4.036811143374153E-22

0.5490009999949494
0.6516853179515181 4.31542667120979E-22

0.5500009999949782
0.6490492582534233 4.601862157107581E-22

0.551000999995007
0.6463243076447341 4.893619494038327E-22

0.5520009999950357
0.6435109820179067 5.190700435368649E-22

0.5530009999950645
0.6406098091447745 5.492371364122519E-22

0.5540009999950932
0.6376213285842495 5.796680537347615E-22

0.555000999995122
0.6345460915884609 6.105791971591169E-22

0.5560009999951507
0.6313846610073841 6.418768900937725E-22

0.5570009999951795
0.6281376111919241 6.737147206508351E-22

0.5580009999952082
0.624805527895525 7.055385074993065E-22

0.559000999995237
0.6213890081742419 7.377649188835002E-22

0.5600009999952658
0.6178886602854027 7.703226747371789E-22

0.5610009999952945
0.6143051035847772 8.03054750115465E-22

0.5620009999953233
0.6106389684223199 8.357808432780099E-22

0.563000999995352
0.6068908960364785 8.688135979207016E-22

0.5640009999953808
0.6030615384471333 9.018262811193216E-22

0.5650009999954095
0.5991515583471079 9.349316671716332E-22

0.5660009999954383
0.5951616289923403 9.68219191346199E-22

0.567000999995467
0.5910924340906994 1.0013651276716818E-21

0.5680009999954958
0.5869446676894459 1.0347046151001506E-21

0.5690009999955246
0.5827190340614168 1.0678280496366982E-21

0.5700009999955533
0.5784162475898695 1.1009133483937642E-21

0.5710009999955821
0.5740370326520808 1.1339126467552122E-21

0.5720009999956108
0.5695821235016668 1.1668909871408424E-21

0.5730009999956396
0.5650522641496734 1.1996497781934783E-21

0.5740009999956683
0.5604482082444296 1.2321370896557893E-21

0.5750009999956971
0.5557707189502046 1.2644503901243886E-21

0.5760009999957258
0.5510205688246843 1.2965102567258859E-21

0.5770009999957546
0.5461985396952688 1.3284777587471085E-21

0.5780009999957834
0.5413054225342435 1.3599500839034387E-21

0.5790009999958121
0.5363420173327921 1.3912358991073558E-21

0.5800009999958409
0.5313091329739383 1.4220149284337138E-21

0.5810009999958696
0.5262075871043663 1.4525128826382592E-21

0.5820009999958984
0.5210382060051958 1.4829154101510149E-21

0.5830009999959271
0.5158018244617119 1.5124754580800369E-21

0.5840009999959559
0.5104992856320307 1.5416907148631025E-21

0.5850009999959846
0.5051314409148042 1.570490205427322E-21

0.5860009999960134
0.49969914981590907 1.5988369624687776E-21

0.5870009999960422
0.4942032798141771 1.6266893857681666E-21

0.5880009999960709
0.4886447062261774 1.6539559435789522E-21

0.5890009999960997
0.4830243120700713 1.6806934931155892E-21

0.5900009999961284
0.477342987928566 1.706902279812427E-21

0.5910009999961572
0.4716016318109835 1.7325235325921726E-21

0.5920009999961859
0.46580114901446107 1.7575815468761853E-21

0.5930009999962147
0.4599424519843161 1.7820132724142734E-21

0.5940009999962435
0.4540264601735863 1.8057879205661963E-21

0.5950009999962722
0.44805409990176875 1.828988840128795E-21

0.596000999996301
0.4420263042127859 1.8515447463026666E-21

0.5970009999963297
0.4359440127321888 1.8733930497665813E-21

0.5980009999963585
0.42980817152362594 1.894654220674123E-21

0.5990009999963872
0.42361973294460137 1.915189859061734E-21

0.600000999996416
0.4173796555015345 1.935030284542543E-21

0.6010009999964447
0.4110889037041538 1.954187611015604E-21

0.6020009999964735
0.40474844791923925 1.9726650559702964E-21

0.6030009999965023
0.3983592642237394 1.9903625599935795E-21

0.604000999996531
0.3919223342572789 2.0072585883845208E-21

0.6050009999965598
0.3854386450740857 2.0234568640785907E-21

0.6060009999965885
0.37890918899435283 2.0393291528643393E-21

0.6070009999966173
0.37233496345508155 2.0539902492034036E-21

0.608000999996646
0.3657169708603593 2.068002018788652E-21

0.6090009999966748
0.359056218431197 2.0811597849498262E-21

0.6100009999967035
0.35235371805485505 2.093658179221203E-21

0.6110009999967323
0.3456104861337388 2.1054145005470267E-21

0.612000999996761
0.33882754343385646 2.116396673956906E-21

0.6130009999967898
0.33200591493286935 2.1265523320505534E-21

0.6140009999968186
0.3251466296677623 2.1358650808562226E-21

0.6150009999968473
0.3182507205821488 2.144426924916222E-21

0.6160009999968761
0.3113192243732394 2.1522744457938125E-21

0.6170009999969048
0.3043531813384912 2.159393321448089E-21

0.6180009999969336
0.2973536352219628 2.1656300419597005E-21

0.6190009999969623
0.2903216330603916 2.1712756115560952E-21

0.6200009999969911
0.2832582250290339 2.175980687896991E-21

0.6210009999970199
0.27616446428725855 2.1798769652892873E-21

0.6220009999970486
0.26904140682395034 2.1829778224965432E-21

0.6230009999970774
0.2618901113027226 2.185421687976835E-21

0.6240009999971061
0.2547116389069747 2.1870776515664102E-21

0.6250009999971349
0.24750705318480332 2.187908465080647E-21

0.6260009999971636
0.24027741989380264 2.188038293944128E-21

0.6270009999971924
0.23302380684576982 2.187464479480669E-21

0.6280009999972211
0.22574728375134012 2.186086074519821E-21

0.6290009999972499
0.21844892206456798 2.184010201838874E-21

0.6300009999972787
0.21112979482748762 2.1812171155714427E-21

0.6310009999973074
0.20379097651466455 2.1776796994874974E-21

0.6320009999973362
0.1964335428777652 2.173404946512325E-21

0.6330009999973649
0.18905857079016636 2.1684027940076377E-21

0.6340009999973937
0.1816671380916276 2.162753218195773E-21

0.6350009999974224
0.1742603234330462 2.156371131977122E-21

0.6360009999974512
0.1668392061213159 2.149360185104128E-21

0.6370009999974799
0.15940486596431871 2.1417029459941094E-21

0.6380009999975087
0.151958383116062 2.1333978105076595E-21

0.6390009999975375
0.14450083792198903 2.1244025830388704E-21

0.6400009999975662
0.13703331076448133 2.114734507699633E-21

0.641000999997595
0.129556881908579 2.1045180105167334E-21

0.6420009999976237
0.12207263134793694 2.0936772292385066E-21

0.6430009999976525
0.11458163865103847 2.082212131702308E-21

0.6440009999976812
0.10708498280769017 2.0701647202895383E-21

0.64500099999771
0.09958374207581935 2.057518941933266E-21

0.6460009999977387
0.09207899382859265 2.0443182741056294E-21

0.6470009999977675
0.08457181440188127 2.0305234314156812E-21

0.6480009999977963
0.0770632789420909 2.0162393465026455E-21

0.649000999997825
0.06955446125437859 2.0014294859014358E-21

0.6500009999978538
0.06204643365127821 1.9861138392535975E-21

0.6510009999978825
0.054540266801755034 1.9703056516666667E-21

0.6520009999979113
0.04703702958071024 1.954016452676248E-21

0.65300099999794
0.03953778891895638 1.937267081152729E-21

0.6540009999979688
0.032043609653684704 1.9200260562802584E-21

0.6550009999979975
0.024555554379445028 1.9023826682108404E-21

0.6560009999980263
0.0170746832996574 1.8843191727092266E-21

0.6570009999980551
0.009602054078678658 1.8658378184733E-21

0.6580009999980838
0.00213872169444122 1.846965943286305E-21

0.6590009999981126
-0.005314261708313141 1.827712132914522E-21

0.6600009999981413
-0.012755846964186367 1.8080919950959684E-21

0.6610009999981701
-0.020184988032642844 1.7880733188895325E-21

0.6620009999981988
-0.027600642142874356 1.7677627216050735E-21

0.6630009999982276
-0.03500176993799167 1.7471339251615618E-21

0.6640009999982563
-0.04238733561852261 1.7262023807146947E-21

0.6650009999982851
-0.0497563070851976 1.704980357524924E-21

0.6660009999983139
-0.05710765608100312 1.6834721931818777E-21

0.6670009999983426
-0.06444035833248414 1.661688123779321E-21

0.6680009999983714
-0.07175339369027617 1.6396233078682891E-21

0.6690009999984001
-0.07904574626884746 1.6174045669287438E-21

0.6700009999984289
-0.08631640458543272 1.5949815571093759E-21

0.6710009999984576
-0.09356436169814114 1.5723474480324224E-21

0.6720009999984864
-0.10078861534321873 1.5494664464069636E-21

0.6730009999985151
-0.10798816807144693 1.5265102297060497E-21

0.6740009999985439
-0.11516202738365783 1.5033109910922177E-21

0.6750009999985727
-0.12230920586535117 1.4800459236231964E-21

0.6760009999986014
-0.12942872132039246 1.4565650254269396E-21

0.6770009999986302
-0.13651959690377571 1.4330806447680093E-21

0.6780009999986589
-0.1435808612534308 1.4093890564533319E-21

0.6790009999986877
-0.15061154862106543 1.3857172202650822E-21

0.6800009999987164
-0.15761069900200825 1.3619836262781672E-21

0.6810009999987452
-0.16457735826406103 1.3381240265211998E-21

0.682000999998774
-0.1715105782753168 1.3143042020732386E-21

0.6830009999988027
-0.17840941703094396 1.29036925298501E-21

0.6840009999988315
-0.18527293877891496 1.2665258385653394E-21

0.6850009999988602
-0.19210021414466025 1.2426073203365791E-21

0.686000999998889
-0.19889032025463674 1.218692007910656E-21

0.6870009999989177
-0.2056423408587907 1.1948728328007607E-21

0.6880009999989465
-0.2123553664519 1.1710360696356197E-21

0.6890009999989752
-0.21902849439377972 1.1472909252390047E-21

0.690000999999004
-0.22566082902833917 1.1235843041035687E-21

0.6910009999990328
-0.23225148180146643 1.0999944516823488E-21

0.6920009999990615
-0.2387995713777376 1.0764563405824208E-21

0.6930009999990903
-0.24530422375592206 1.0530503021406407E-21

0.694000999999119
-0.2517645723832822 1.0296895503599293E-21

0.6950009999991478
-0.2581797582686419 1.0064481778283031E-21

0.6960009999991765
-0.26454893009421654 9.833815791003952E-22

0.6970009999992053
-0.27087124432619003 9.605548557235956E-22

0.698000999999234
-0.2771458653240116 9.378975803317574E-22

0.6990009999992628
-0.28337196544842674 9.152688703328543E-22

0.7000009999992916
-0.28954872516820307 8.928899459905375E-22

0.7010009999993203
-0.2956753331655425 8.706635180507904E-22

0.7020009999993491
-0.30175098644017373 8.484940675836455E-22

0.7030009999993778
-0.3077748904121189 8.26677548866346E-22

0.7040009999994066
-0.31374625902309 8.050191628641764E-22

0.7050009999994353
-0.3196643148365422 7.8356746888390765E-22

0.7060009999994641
-0.32552828913634974 7.623165666558066E-22

0.7070009999994928
-0.3313374220240886 7.412852614682957E-22

0.7080009999995216
-0.33709096251493487 7.205719830956973E-22

0.7090009999995504
-0.34278816863213396 7.000846437400624E-22

0.7100009999995791
-0.34842830750007003 6.798348720400542E-22

0.7110009999996079
-0.3540106554358951 6.598794217522526E-22

0.7120009999996366
-0.35953449803970694 6.40268986908831E-22

0.7130009999996654
-0.36499913028328357 6.208409337762015E-22

0.7140009999996941
-0.37040385659735275 6.017394315319737E-22

0.7150009999997229
-0.3757479909573804 5.828747373350321E-22

0.7160009999997516
-0.38103085696787986 5.643658637828526E-22

0.7170009999997804
-0.3862517879452182 5.4613226939111835E-22

0.7180009999998092
-0.3914101269989304 5.2812408477696185E-22

0.7190009999998379
-0.3965052271115109 5.104955588282685E-22

0.7200009999998667
-0.4015364512166783 4.930923014418065E-22

0.7210009999998954
-0.4065031722761188 4.759932795324442E-22

0.7220009999999242
-0.4114047733546823 4.592245340673459E-22

0.7230009999999529
-0.4162406476940255 4.428265675566203E-22

0.7240009999999817
-0.42101019878469864 4.26660209840377E-22

0.7250000000000104
-0.4257081714088077 4.1084621540725245E-22

0.7260000000000392
-0.4303433955898212 3.953661711436275E-22

0.7270000000000679
-0.4349105697446696 3.8021369288447783E-22

0.7280000000000967
-0.4394091390383986 3.653721313105609E-22

0.7290000000001254
-0.44383855922168775 3.508489084690073E-22

0.7300000000001542
-0.4481982966934371 3.366344703852752E-22

0.731000000000183
-0.4524878285617373 3.227957389649234E-22

0.7320000000002117
-0.4567066427032282 3.094563970900167E-22

0.7330000000002405
-0.46085423782081997 2.9625709615726165E-22

0.7340000000002692
-0.4649301234998239 2.8337349271497374E-22

0.735000000000298
-0.4689338202624127 2.708548544731799E-22

0.7360000000003267
-0.4728648596204497 2.5865472680908575E-22

0.7370000000003555
-0.4767227841266876 2.467427083546068E-22

0.7380000000003842
-0.4805071474243064 2.3516086103454247E-22

0.739000000000413
-0.48421751429479953 2.2394711510237516E-22

0.7400000000004417
-0.487853460704205 2.1313533308114436E-22

0.7410000000004705
-0.49141457384765863 2.0254995105822408E-22

0.7420000000004993
-0.4949004521923151 1.9228035040079042E-22

0.743000000000528
-0.49831070551855966 1.823273765058073E-22

0.7440000000005568
-0.5016449549595708 1.7269578618604428E-22

0.7450000000005855
-0.5049028330391928 1.6334257058162985E-22

0.7460000000006143
-0.5080839837081396 1.5431593343260798E-22

0.747000000000643
-0.5111880623785132 1.457816802850512E-22

0.7480000000006718
-0.5142147359566037 1.3739906423634517E-22

0.7490000000007005
-0.5171636828740747 1.2929241309315964E-22

0.7500000000007293
-0.5200345931173868 1.2146894320714416E-22

0.7510000000007581
-0.5228271682555686 1.1394649458138864E-22

0.7520000000007868
-0.5255411214662812 1.0677228881178412E-22

0.7530000000008156
-0.5281761775601825 9.983798965806432E-23

0.7540000000008443
-0.5307320730036214 9.316220300865053E-23

0.7550000000008731
-0.533208555939611 8.682081501464989E-23

0.7560000000009018
-0.5356053862071074 8.0730852842317E-23

0.7570000000009306
-0.5379223353586053 7.491227373578162E-23

0.7580000000009594
-0.5401591866760241 6.933902478711389E-23

0.7590000000009881
-0.5423157351849036 6.403980717193226E-23

0.7600000000010169
-0.5443917876668964 5.900407591534571E-23

0.7610000000010456
-0.5463871626705651 5.41369419959012E-23

0.7620000000010744
-0.5483016905205058 4.9582419626262816E-23

0.7630000000011031
-0.5501352133247353 4.5287743133075475E-23

0.7640000000011319
-0.5518875849804181 4.123176972520243E-23

0.7650000000011606
-0.5535586711778963 3.7389119873778077E-23

0.7660000000011894
-0.5551483494030258 3.37563223196485E-23

0.7670000000012182
-0.5566565089378303 3.036417685495909E-23

0.7680000000012469
-0.5580830508594584 2.718054368405742E-23

0.7690000000012757
-0.5594278880374757 2.4216866528598653E-23

0.7700000000013044
-0.5606909451294636 2.1464324678741295E-23

0.7710000000013332
-0.5618721585749458 1.8896124104060968E-23

0.7720000000013619
-0.5629714765876477 1.651315635296604E-23

0.7730000000013907
-0.5639888591460797 1.4326856025907447E-23

0.7740000000014194
-0.5649242779824483 1.2308202273710837E-23

0.7750000000014482
-0.565777716569908 1.0366840250191166E-23

0.776000000001477
-0.5665491701082103 8.685976293875935E-24

0.7770000000015057
-0.567238645507573 7.197705258043716E-24

0.7780000000015345
-0.5678461613710145 5.86853841954607E-24

0.7790000000015632
-0.5683717479750082 4.693675498144966E-24

0.780000000001592
-0.5688154472484892 3.66263981704744E-24

0.7810000000016207
-0.5691773127502359 2.767056446779165E-24

0.7820000000016495
-0.5694574096446241 2.0065673184448793E-24

0.7830000000016782
-0.5696558146757547 1.377636905378803E-24

0.784000000001707
-0.5697726161399664 8.72620627719375E-25

0.7850000000017358
-0.5698079138567468 4.938873238314094E-25

0.7860000000017645
-0.569761819138017 2.247378437313154E-25

0.7870000000017933
-0.5696344547558522 6.206777323801551E-26

0.788000000001822
-0.5694259549085888 8.525737492692526E-28

0.7890000000018508
-0.5691364651853539 3.50792762745459E-26

0.7900000000018795
-0.5687661425290266 1.5770967614341524E-25

0.7910000000019083
-0.5683151551976122 3.6988312269609764E-25

0.792000000001937
-0.5677836827240925 6.637061997592418E-25

0.7930000000019658
-0.5671719158746851 1.0294797638955422E-24

0.7940000000019946
-0.5664800566055717 1.4711716621987442E-24

0.7950000000020233
-0.5657083180181092 1.9743011201583515E-24

0.7960000000020521
-0.5648569243124838 2.5371296239247253E-24

0.7970000000020808
-0.563926110739867 3.163337160316915E-24

0.7980000000021096
-0.5629161235530645 3.829810351330978E-24

0.7990000000021383
-0.5618272199556399 4.5518887575063075E-24

0.8000000000021671
-0.5606596680495824 5.3178400573559564E-24

0.8010000000021958
-0.5594137467814687 6.1174842350911286E-24

0.8020000000022246
-0.5580897458871582 6.956706082131208E-24

0.8030000000022534
-0.5566879658350393 7.815673450429664E-24

0.8040000000022821
-0.5552087177678029 8.706274831280774E-24

0.8050000000023109
-0.5536523234428021 9.594644019266997E-24

0.8060000000023396
-0.5520191151709465 1.0529764469481416E-23

0.8070000000023684
-0.5503094357542233 1.1479002090958782E-23

0.8080000000023971
-0.5485236384217684 1.2435506785376705E-23

0.8090000000024259
-0.5466620867645586 1.3397754288577025E-23

0.8100000000024546
-0.5447251546687184 1.4360494040982202E-23

0.8110000000024834
-0.5427132262474457 1.533836709145196E-23

0.8120000000025122
-0.5406266957715834 1.6326009358394123E-23

0.8130000000025409
-0.5384659675988394 1.7275178299668928E-23

0.8140000000025697
-0.5362314561016446 1.8231249515019433E-23

0.8150000000025984
-0.5339235855937259 1.917318541530617E-23

0.8160000000026272
-0.5315427902553282 2.0099006884103408E-23

0.8170000000026559
-0.5290895140571538 2.1019162149907718E-23

0.8180000000026847
-0.5265642106830086 2.1914151963974573E-23

0.8190000000027134
-0.5239673434511679 2.278008550408205E-23

0.8200000000027422
-0.5212993852344842 2.3619612541684838E-23

0.821000000002771
-0.5185608183792416 2.4435898689313924E-23

0.8220000000027997
-0.5157521346227738 2.5280563109606253E-23

0.8230000000028285
-0.5128738350098789 2.6035240909192953E-23

0.8240000000028572
-0.509926429807976 2.6751611512288556E-23

0.825000000002886
-0.5069104384211135 2.746839370356146E-23

0.8260000000029147
-0.503826389302784 2.8162827354455885E-23

0.8270000000029435
-0.5006748198675632 2.88015448689502E-23

0.8280000000029722
-0.49745627640159074 2.941610428243112E-23

0.829000000003001
-0.4941713139719355 2.998423769397732E-23

0.8300000000030298
-0.49082049633481295 3.049278527974558E-23

0.8310000000030585
-0.4874043958427008 3.100004571876894E-23

0.8320000000030873
-0.48392359335037705 3.1451066861782097E-23

0.833000000003116
-0.48037867811984636 3.185519644242247E-23

0.8340000000031448
-0.476770247724228 3.2220929799304506E-23

0.8350000000031735
-0.4730989079505835 3.254060060650646E-23

0.8360000000032023
-0.46936527270171297 3.28287629039954E-23

0.837000000003231
-0.46556996389693456 3.305497303642828E-23

0.8380000000032598
-0.46171361137185446 3.3244821605348157E-23

0.8390000000032886
-0.4577968527771594 3.3401198242147217E-23

0.8400000000033173
-0.45382033347643236 3.350908069017775E-23

0.8410000000033461
-0.44978470644301316 3.357659555104781E-23

0.8420000000033748
-0.445690632155924 3.355794179787482E-23

0.8430000000034036
-0.441538778494857 3.3547009248841783E-23

0.8440000000034323
-0.4373298206342871 3.3486590835845165E-23

0.8450000000034611
-0.4330644409366602 3.338772516656892E-23

0.8460000000034898
-0.42874332884472766 3.3251863473907713E-23

0.8470000000035186
-0.42436718077301566 3.308178730606526E-23

0.8480000000035474
-0.41993669999846106 3.287903543484481E-23

0.8490000000035761
-0.41545259655021766 3.2617277408863316E-23

0.8500000000036049
-0.41091558709865583 3.232057852396275E-23

0.8510000000036336
-0.4063263948435763 3.1987549272532787E-23

0.8520000000036624
-0.40168574940165125 3.162939022526199E-23

0.8530000000036911
-0.3969943866931085 3.124035045056582E-23

0.8540000000037199
-0.3922530488276782 3.078099206467549E-23

0.8550000000037487
-0.38746248398980887 3.032503594342474E-23

0.8560000000037774
-0.3826234463232064 2.982032003996241E-23

0.8570000000038062
-0.37773669581465547 2.930661552870828E-23

0.8580000000038349
-0.3728029981771967 2.875508933095385E-23

0.8590000000038637
-0.36782312473263723 2.8207622870262666E-23

0.8600000000038924
-0.3627978522934448 2.7605303610557916E-23

0.8610000000039212
-0.3577279630440042 2.6978336139187526E-23

0.8620000000039499
-0.35261424442129846 2.632609076950432E-23

0.8630000000039787
-0.34745748899499507 2.5654827565769948E-23

0.8640000000040075
-0.3422584943469829 2.4970037098492363E-23

0.8650000000040362
-0.3370180629503545 2.4261687768666515E-23

0.866000000004065
-0.33173700204786954 2.3556525205786167E-23

0.8670000000040937
-0.3264161235299112 2.2825148644032417E-23

0.8680000000041225
-0.3210562438119472 2.208651813647661E-23

0.8690000000041512
-0.3156581837115271 2.1346697385726245E-23

0.87000000000418
-0.3102227683248238 2.0578160742171154E-23

0.8710000000042087
-0.3047508269027299 1.9865752485713375E-23

0.8720000000042375
-0.2992431927265766 1.9090631429723582E-23

0.8730000000042663
-0.29370070298338957 1.8317627553143886E-23

0.874000000004295
-0.28812419864082467 1.7535949500717335E-23

0.8750000000043238
-0.28251452432171587 1.6746318198866665E-23

0.8760000000043525
-0.27687252817828034 1.5969996296282412E-23

0.8770000000043813
-0.2711990617660085 1.5192618728325138E-23

0.87800000000441
-0.265494979917241 1.442282835059857E-23

0.8790000000044388
-0.2597611406144592 1.3655403400029697E-23

0.8800000000044675
-0.2539984048633107 1.2900980756886493E-23

0.8810000000044963
-0.24820763656538075 1.2147090453105869E-23

0.882000000004525
-0.24238970239073285 1.1403707678745548E-23

0.8830000000045538
-0.23654547165023707 1.067871585440247E-23

0.8840000000045826
-0.23067581616770244 9.967014889553791E-24

0.8850000000046113
-0.22478161015183631 9.272415986936788E-24

0.8860000000046401
-0.2188637300680399 8.587278843795122E-24

0.8870000000046688
-0.21292305451006996 7.924215060309618E-24

0.8880000000046976
-0.20696046407157778 7.275955218527418E-24

0.8890000000047263
-0.20097684121754691 6.64948485894981E-24

0.8900000000047551
-0.194973070155647 6.04875438667859E-24

0.8910000000047839
-0.18895003670752156 5.4659419384600724E-24

0.8920000000048126
-0.18290862818002993 4.9121551234258886E-24

0.8930000000048414
-0.1768497332364619 4.378874786141524E-24

0.8940000000048701
-0.17077424176774045 3.8746986445757844E-24

0.8950000000048989
-0.16468304476363388 3.3967438489209986E-24

0.8960000000049276
-0.15857703418399766 2.946617129344431E-24

0.8970000000049564
-0.15245710283005728 2.5268832452122777E-24

0.8980000000049851
-0.14632414421575593 2.135082874119078E-24

0.8990000000050139
-0.1401790524391869 1.7770824002161795E-24

0.9000000000050427
-0.13402272205412366 1.4467654274528057E-24

0.9010000000050714
-0.1278560479416652 1.1551502310853032E-24

0.9020000000051002
-0.12167992518203119 8.889268024830212E-25

0.9030000000051289
-0.11549524892648431 6.634800994356306E-25

0.9040000000051577
-0.10930291426946737 4.675827663838715E-25

0.9050000000051864
-0.10310381612088386 3.034980186869895E-25

0.9060000000052152
-0.0968988490786195 1.7587360389438233E-25

0.907000000005244
-0.09068890730128311 8.191931000648255E-26

0.9080000000052727
-0.08447488438118517 2.3609818032359662E-26

0.9090000000053015
-0.07825767321758428 4.077241840516388E-28

0.9100000000053302
-0.07203816589021246 1.2817634625532571E-26

0.911000000005359
-0.06581725353309777 6.056265609758197E-26

0.9120000000053877
-0.05959582620870031 1.4417979969104622E-25

0.9130000000054165
-0.05337477278238435 2.625280020362027E-25

0.9140000000054452
-0.04715498079723745 4.1705236608159835E-25

0.915000000005474
-0.040937336349258696 6.052881425363748E-25

0.9160000000055027
-0.03472272396293142 8.299723763224995E-25

0.9170000000055315
-0.028512026467197003 1.0892731640075126E-24

0.9180000000055603
-0.02230612487184908 1.3805622864724383E-24

0.919000000005589
-0.01610589824436324 1.707740244664022E-24

0.9200000000056178
-0.009912223587179506 2.0655069754792148E-24

0.9210000000056465
-0.0037259757154555363 2.4585208590338695E-24

0.9220000000056753
0.002451972864694056 2.8805603329984052E-24

0.923000000005704
0.008620752077454568 3.336941541888592E-24

0.9240000000057328
0.014779494398048213 3.8238649066480034E-24

0.9250000000057615
0.02092733497293444 4.336809742105958E-24

0.9260000000057903
0.02706341173945739 4.8828406014360094E-24

0.9270000000058191
0.033186865544924615 5.45242059103661E-24

0.9280000000058478
0.039296840265099296 6.053499571886847E-24

0.9290000000058766
0.04539248292209223 6.676028788544947E-24

0.9300000000059053
0.05147294380163548 7.328118955622841E-24

0.9310000000059341
0.05753737656972299 8.004934499831084E-24

0.9320000000059628
0.06358493838860275 8.698332663079776E-24

0.9330000000059916
0.06961479003210272 9.419037323262852E-24

0.9340000000060203
0.0756260960002781 1.0156654785504935E-23

0.9350000000060491
0.08161802463336343 1.0916664456083275E-23

0.9360000000060779
0.08758974822501076 1.1688335539645055E-23

0.9370000000061066
0.09354044313480545 1.248174777785874E-23

0.9380000000061354
0.09946928990003838 1.3292406472397972E-23

0.9390000000061641
0.10537547334672488 1.410698106149292E-23

0.9400000000061929
0.11125818269984829 1.494416854006606E-23

0.9410000000062216
0.1171166116928244 1.5785741198766673E-23

0.9420000000062504
0.12294995867616089 1.6643117970798194E-23

0.9430000000062791
0.1287574267253051 1.74978470752609E-23

0.9440000000063079
0.13453822374766108 1.8369933037094323E-23

0.9450000000063367
0.1402915625887688 1.9236191644131907E-23

0.9460000000063654
0.14601666113762052 2.0114190645384393E-23

0.9470000000063942
0.1517127424311113 2.100007897675726E-23

0.9480000000064229
0.1573790347576061 2.187493038602006E-23

0.9490000000064517
0.1630147717596044 2.2755981767448758E-23

0.9500000000064804
0.16861919253549867 2.3627167105121542E-23

0.9510000000065092
0.1741915417404068 2.4507021649741924E-23

0.952000000006538
0.17973106968607006 2.535877398449729E-23

0.9530000000065667
0.18523703243979248 2.6217401208915665E-23

0.9540000000065955
0.19070869192243026 2.706374891971278E-23

0.9550000000066242
0.19614531600539473 2.789040420097711E-23

0.956000000006653
0.2015461786066723 2.8720272283907925E-23

0.9570000000066817
0.20691055978584533 2.95242890251961E-23

0.9580000000067105
0.21223774583809626 3.03183111414823E-23

0.9590000000067392
0.21752702938719018 3.1089432226637245E-23

0.960000000006768
0.22277770947742193 3.185112357899109E-23

0.9610000000067968
0.2279890916645142 3.258558184050815E-23

0.9620000000068255
0.23316048810545392 3.3297653796471645E-23

0.9630000000068543
0.238291217647265 3.399346766660146E-23

0.964000000006883
0.24338060591469174 3.4649734116082075E-23

0.9650000000069118
0.2484279853967926 3.529050689673138E-23

0.9660000000069405
0.25343269553243125 3.59045457267261E-23

0.9670000000069693
0.2583940827946555 3.6486316306163346E-23

0.968000000006998
0.26331150077394366 3.703288992422124E-23

0.9690000000070268
0.26818431026032225 3.7561750163690456E-23

0.9700000000070556
0.2730118793243438 3.8061475699169986E-23

0.9710000000070843
0.2777935833968965 3.851625695693234E-23

0.9720000000071131
0.28252880534785785 3.896195728244359E-23

0.9730000000071418
0.2872169355635773 3.9348911980670716E-23

0.9740000000071706
0.29185737202316336 3.971188808379973E-23

0.9750000000071993
0.2964495203735893 4.0048422062423804E-23

0.9760000000072281
0.3009927940035956 4.031514689533153E-23

0.9770000000072568
0.3054866141163699 4.056224894572586E-23

0.9780000000072856
0.30993040980102626 4.0761182973602584E-23

0.9790000000073144
0.3143236181028414 4.09378692565704E-23

0.9800000000073431
0.31866568409226476 4.1052315603570617E-23

0.9810000000073719
0.32295606093267454 4.1146266570799724E-23

0.9820000000074006
0.3271942099468936 4.119399488964433E-23

0.9830000000074294
0.33137960068243494 4.1196845216658217E-23

0.9840000000074581
0.335511710975487 4.1168346383861943E-23

0.9850000000074869
0.33959002701362134 4.108433227837355E-23

0.9860000000075156
0.3436140433972194 4.094710433717277E-23

0.9870000000075444
0.347583263199605 4.078528628576092E-23

0.9880000000075732
0.35149719802589735 4.058417152278593E-23

0.9890000000076019
0.3553553680705429 4.0340528273089884E-23

0.9900000000076307
0.35915730217355124 4.0040693928017536E-23

0.9910000000076594
0.3629025378754087 3.9730780430418696E-23

0.9920000000076882
0.36659062147068466 3.9356573068063016E-23

0.9930000000077169
0.37022110806029107 3.896403629762591E-23

0.9940000000077457
0.37379356160243254 3.8507989152303754E-23

0.9950000000077744
0.3773075549622 3.801902121438111E-23

0.9960000000078032
0.38076266995983554 3.7486260455247513E-23

0.997000000007832
0.3841584974176418 3.692891715711864E-23

0.9980000000078607
0.3874946372055488 3.6330229591154395E-23

0.9990000000078895
0.39077069828531047 3.5689991433250215E-23

1.000000000007918
0.3939862987533527 3.5004848246540383E-23

1.0010000000078358
0.39714106588224607 3.0363565084082626E-23

1.0020000000077536
0.40023463616082233 2.6151500533102504E-23

1.0030000000076713
0.40326665533290385 2.2341872658015685E-23

1.004000000007589
0.4062367784346578 1.8975838698830266E-23

1.0050000000075068
0.40914466983060116 1.592300162116115E-23

1.0060000000074245
0.41199000324816065 1.3215913459032E-23

1.0070000000073422
0.414772461810909 1.082798269740395E-23

1.00800000000726
0.41749173807037493 8.751212061635096E-24

1.0090000000071777
0.4201475340364837 6.940609883805679E-24

1.0100000000070954
0.42273956120658035 5.397245184457326E-24

1.0110000000070132
0.42526754059308375 4.089580965521286E-24

1.012000000006931
0.4277312027497205 3.0036829327976662E-24

1.0130000000068486
0.43013028779637547 2.1146107310779356E-24

1.0140000000067664
0.43246454544252794 1.4085616826738573E-24

1.0150000000066841
0.43473373500929663 8.653759880108097E-25

1.0160000000066018
0.4369376254500739 4.703007402178988E-25

1.0170000000065196
0.43907599536975905 2.0518272144798517E-25

1.0180000000064373
0.4411486330425849 5.373799372456055E-26

1.019000000006355
0.44315533642853816 5.1799811784239096E-28

1.0200000000062728
0.44509591318837655 3.059548025241909E-26

1.0210000000061905
0.44697018069723504 1.305937658178008E-25

1.0220000000061082
0.4487779660568294 2.876104307374673E-25

1.023000000006026
0.45051910610625184 4.886735972788719E-25

1.0240000000059437
0.4521934474313648 7.21439801702138E-25

1.0250000000058614
0.4538008463727863 9.77435947572557E-25

1.0260000000057792
0.4553411690324701 1.2464388844335545E-24

1.027000000005697
0.45681429127888723 1.5177229266170513E-24

1.0280000000056146
0.4582200987508029 1.7793771526782647E-24

1.0290000000055324
0.4595584868596586 2.0295939587271027E-24

1.0300000000054501
0.4608293607905464 2.2624075194565853E-24

1.0310000000053678
0.4620326355017924 2.470026243379893E-24

1.0320000000052856
0.4631682357231456 2.645426556731197E-24

1.0330000000052033
0.4642360959525744 2.7799991274137546E-24

1.034000000005121
0.46523616045167493 2.875960371074349E-24

1.0350000000050388
0.46616838323968757 2.939569972951619E-24

1.0360000000049565
0.467032728086126 2.9586357549546794E-24

1.0370000000048742
0.4678291685020376 2.931580722504235E-24

1.038000000004792
0.46855768772987955 2.8693743839993247E-24

1.0390000000047097
0.4692182787320139 2.7788885714965748E-24

1.0400000000046274
0.4698109441778297 2.6407336848357954E-24

1.0410000000045452
0.47033569642952217 2.4670608690148486E-24

1.042000000004463
0.4707925575264793 2.2630755367318878E-24

1.0430000000043806
0.47118155916832277 2.0329168165047045E-24

1.0440000000042984
0.4715027426965925 1.7810065849373415E-24

1.0450000000042161
0.4717561590750837 1.519775243788109E-24

1.0460000000041338
0.4719418688688276 1.2491672708078261E-24

1.0470000000040516
0.4720599422217484 9.808415494635455E-25

1.0480000000039693
0.4721104588329711 7.250276397066963E-25

1.049000000003887
0.4720935079318031 4.910824795790895E-25

1.0500000000038048
0.4720091882513931 2.8993719754783203E-25

1.0510000000037225
0.47185760800106974 1.3357959201811068E-25

1.0520000000036402
0.47163888483736394 3.2789015851463E-26

1.053000000003558
0.4713531458337291 2.1967619168867465E-28

1.0540000000034757
0.471000527448956 4.994683914763316E-26

1.0550000000033934
0.470581175494298 1.9741249083536478E-25

1.0560000000033112
0.4700952450993038 4.560208448228342E-25

1.057000000003229
0.4695429006763655 8.42803719284042E-25

1.0580000000031466
0.4689243158840028 1.3715191442288822E-24

1.0590000000030644
0.46823967358886776 2.0600755441048426E-24

1.0600000000029821
0.467489165826497 2.9308204085030217E-24

1.0610000000028998
0.4666729937608139 3.990724580768115E-24

1.0620000000028176
0.4657913676423712 5.2626830014705164E-24

1.0630000000027353
0.46484450676536987 6.77344771576182E-24

1.064000000002653
0.4638326394234476 8.534168061512574E-24

1.0650000000025708
0.46275600286423774 1.0554276596477928E-23

1.0660000000024885
0.4616148432427127 1.2893006605729873E-23

1.0670000000024062
0.4604094155733469 1.5535530893886955E-23

1.068000000002324
0.45913998368104714 1.851582964444157E-23

1.0690000000022417
0.45780682015092095 2.1862729514281406E-23

1.0700000000021594
0.4564102062768603 2.558683019935981E-23

1.0710000000020772
0.4549504320089488 2.9717343123470993E-23

1.072000000001995
0.4534277958997186 3.425353188187844E-23

1.0730000000019126
0.45184260504924306 3.924382152400642E-23

1.0740000000018304
0.4501951750491031 4.469571635114232E-23

1.0750000000017481
0.44848582992520597 5.066869895305608E-23

1.0760000000016658
0.44671490207949954 5.713106395609801E-23

1.0770000000015836
0.4448827322305503 6.414468772072154E-23

1.0780000000015013
0.44298966935304185 7.171555451185733E-23

1.079000000001419
0.4410360706161685 7.986036524826302E-23

1.0800000000013368
0.43902230132094805 8.862386886597413E-23

1.0810000000012545
0.4369487348364688 9.80214913766734E-23

1.0820000000011722
0.43481575253507104 1.080621734247933E-22

1.08300000000109
0.432623743726479 1.1875440798852854E-22

1.0840000000010077
0.4303731055908921 1.3016620237208778E-22

1.0850000000009254
0.42806424311105706 1.4229738595964835E-22

1.0860000000008432
0.42569756900331085 1.5516943309503879E-22

1.087000000000761
0.4232735036476281 1.687703342892605E-22

1.0880000000006786
0.4207924750166649 1.8316634705442675E-22

1.0890000000005964
0.4182549186038308 1.98357822905108E-22

1.0900000000005141
0.41566127735038033 2.1440145668291683E-22

1.0910000000004318
0.41301200157155277 2.312968179933552E-22

1.0920000000003496
0.4103075488817592 2.4906409969420004E-22

1.0930000000002673
0.4075483841188377 2.6769762648282463E-22

1.094000000000185
0.4047349792673821 2.872553532304928E-22

1.0950000000001028
0.4018678133811658 3.0768558214732206E-22

1.0960000000000205
0.39894737250465895 3.290572055007898E-22

1.0970009999999382
0.39597115011962775 3.5146056382665114E-22

1.098000999999856
0.39294559293121395 3.7475424415026216E-22

1.0990009999997736
0.38986826054201196 3.9908354750439407E-22

1.1000009999996914
0.38673966616360933 4.24340310258326E-22

1.101000999999609
0.38356032959277864 4.50631161985652E-22

1.1020009999995268
0.38033077712788127 4.779718494747835E-22

1.1030009999994446
0.3770515414844534 5.063000450474661E-22

1.1040009999993623
0.3737231617099953 5.357006520865399E-22

1.10500099999928
0.3703461830979852 5.661713477078694E-22

1.1060009999991978
0.36692115710111833 5.977155210797705E-22

1.1070009999991155
0.3634486412437933 6.3030708573691E-22

1.1080009999990332
0.35992919903385495 6.63946852871736E-22

1.109000999998951
0.35636339987360804 6.987486957022306E-22

1.1100009999988687
0.3527518189701269 7.34520725677499E-22

1.1110009999987864
0.3490950372448421 7.715125501376666E-22

1.1120009999987042
0.34539364124246835 8.095552639511713E-22

1.113000999998622
0.34164822303923703 8.487139911078798E-22

1.1140009999985396
0.3378593801504825 8.88949810615887E-22

1.1150009999984574
0.33402771543757703 9.303307467799703E-22

1.116000999998375
0.3301538370142426 9.727984761952377E-22

1.1170009999982928
0.3262383581522394 1.0163590892345746E-21

1.1180009999982106
0.3222818971864569 1.0609858541505901E-21

1.1190009999981283
0.318285077419416 1.1067450145825391E-21

1.120000999998046
0.3142485270251993 1.153568262291185E-21

1.1210009999979638
0.3101728789528229 1.201503959599184E-21

1.1220009999978815
0.3060587708290646 1.2505136015216622E-21

1.1230009999977992
0.30190684486076175 1.3005789925134543E-21

1.124000999997717
0.29771774773659676 1.3516637506732272E-21

1.1250009999976347
0.29349213052837997 1.4038157353077135E-21

1.1260009999975524
0.28923064859185327 1.4569336819294764E-21

1.1270009999974702
0.284933961467015 1.5111674720613183E-21

1.128000999997388
0.2806027327780037 1.5662868622020352E-21

1.1290009999973056
0.27623763013252073 1.6224740534101904E-21

1.1300009999972234
0.27183932502085423 1.6794921120432135E-21

1.131000999997141
0.2674084927144656 1.7375781277594077E-21

1.1320009999970588
0.2629458121642061 1.796533960624168E-21

1.1330009999969766
0.2584519658981336 1.8563872556238873E-21

1.1340009999968943
0.2539276399189757 1.917148397868945E-21

1.135000999996812
0.24937352360124126 1.9787225280442015E-21

1.1360009999967298
0.24479030958799336 2.041162053093138E-21

1.1370009999966475
0.2401786936873096 2.1044441604749412E-21

1.1380009999965652
0.23553937476843234 2.1684183036663097E-21

1.139000999996483
0.2308730546576335 2.233122107193214E-21

1.1400009999964007
0.22618043803380528 2.2985375950965473E-21

1.1410009999963184
0.22146223232379184 2.364686861117697E-21

1.1420009999962362
0.21671914759748123 2.4314296188832438E-21

1.143000999996154
0.21195189646266363 2.4988098411894707E-21

1.1440009999960716
0.2071611939596846 2.566734103539047E-21

1.1450009999959894
0.20234775745589478 2.6352614368249184E-21

1.146000999995907
0.1975123065399253 2.7043191352927178E-21

1.1470009999958248
0.19265556291578864 2.7738197518830085E-21

1.1480009999957426
0.1877782502968362 2.8437877010272943E-21

1.1490009999956603
0.18288109429957686 2.914123685993118E-21

1.150000999995578
0.17796482233737437 2.984818467204757E-21

1.1510009999954958
0.1730301635140429 3.0558050619804664E-21

1.1520009999954135
0.16807784851735094 3.1270608987255947E-21

1.1530009999953312
0.16310860951245265 3.198506905718477E-21

1.154000999995249
0.15812318003525838 3.270169436528589E-21

1.1550009999951667
0.15312229488576481 3.3420674846647164E-21

1.1560009999950844
0.14810669002135443 3.413959130334092E-21

1.1570009999950022
0.14307710245008218 3.4859111137038225E-21

1.15800099999492
0.13803427012396605 3.557871703866503E-21

1.1590009999948376
0.1329789318322941 3.6297714620527766E-21

1.1600009999947554
0.12791182709496418 3.7015663557078346E-21

1.161000999994673
0.12283369605587238 3.773181144462599E-21

1.1620009999945908
0.11774527937636348 3.844583680782261E-21

1.1630009999945086
0.11264731812876022 3.915804399626205E-21

1.1640009999944263
0.10754055368998805 3.9867761630505684E-21

1.165000999994344
0.10242572763530333 4.057301501968754E-21

1.1660009999942618
0.09730358163214921 4.127439409781437E-21

1.1670009999941795
0.09217485733414861 4.1971209859473454E-21

1.1680009999940972
0.08704029627524973 4.2663052863545E-21

1.169000999994015
0.08190063976404098 4.334905615611389E-21

1.1700009999939327
0.07675662877824738 4.402918521780366E-21

1.1710009999938504
0.07160900385942678 4.4702749332769705E-21

1.1720009999937682
0.06645850500787738 4.536893731009119E-21

1.173000999993686
0.06130587157777209 4.602868763420481E-21

1.1740009999936036
0.05615184217253679 4.667895798045775E-21

1.1750009999935214
0.0509971545404826 4.7320595293724275E-21

1.176000999993439
0.04584254547071141 4.795292669404486E-21

1.1770009999933568
0.04068875068930546 4.85756515846942E-21

1.1780009999932746
0.03553650475581774 4.918827983493981E-21

1.1790009999931923
0.030386540960076786 4.978959219336815E-21

1.18000099999311
0.02523959121931813 5.037974671775713E-21

1.1810009999930278
0.020096385975661546 5.0959210558498316E-21

1.1820009999929455
0.014957654093943128 5.1525275855328004E-21

1.1830009999928632
0.009824122759919035 5.2078462655452745E-21

1.184000999992781
0.004696517378854143 5.261825983986741E-21

1.1850009999926987
-4.244385254903419E-4 5.314423689659056E-21

1.1860009999926164
-0.00553802341145633 5.3655873784578855E-21

1.1870009999925342
-0.01064351781966195 5.415269356644771E-21

1.188000999992452
-0.015740204472734335 5.463431711105099E-21

1.1890009999923696
-0.020827368374588262 5.5100074898475996E-21

1.1900009999922874
-0.025904296909238084 5.555079845726531E-21

1.191000999992205
-0.030970279939128046 5.598375189232853E-21

1.1920009999921228
-0.03602460990296909 5.639987462499169E-21

1.1930009999920406
-0.0410665819130672 5.6798161314401734E-21

1.1940009999919583
-0.04609549385213311 5.717871737475863E-21

1.195000999991876
-0.05111064646955595 5.754101463418012E-21

1.1960009999917938
-0.05611134347713164 5.788436156385578E-21

1.1970009999917115
-0.06109689164423191 5.820856853652539E-21

1.1980009999916292
-0.06606660089240085 5.851458154428866E-21

1.199000999991547
-0.07101978438936292 5.8800537251716945E-21

1.2000009999914647
-0.0759557586424418 5.9065472730338284E-21

1.2010009999913824
-0.0808738435913596 5.930945546459926E-21

1.2020009999913002
-0.08577336270042013 5.953258793411621E-21

1.203000999991218
-0.09065364305005412 5.973438530722436E-21

1.2040009999911356
-0.09551401542772012 5.991626264546778E-21

1.2050009999910534
-0.10035381441814102 6.007537395049111E-21

1.206000999990971
-0.10517237849287847 6.0212209134712545E-21

1.2070009999908888
-0.10996905009921733 6.0327014874969894E-21

1.2080009999908066
-0.11474317574835756 6.042002986025837E-21

1.2090009999907243
-0.11949410610290177 6.048895845562011E-21

1.210000999990642
-0.12422119606362379 6.053542217096093E-21

1.2110009999905598
-0.1289238048555073 6.0558271932411874E-21

1.2120009999904775
-0.13360129611304836 6.055909270348797E-21

1.2130009999903952
-0.13825303796479999 6.05358972638817E-21

1.214000999990313
-0.1428784031171623 6.048904480285568E-21

1.2150009999902307
-0.14747676893739384 6.041839020950804E-21

