0.3375 0.0095
0.3805 0.0093
0.3984 0.0099
0.4897 0.0120
0.5222 0.0125
0.5413 0.0095
0.5962 0.0082
0.6363 0.0071
0.6775 0.0097
0.6957 0.0091
0.7035 0.0100
0.7247 0.0100
0.7573 0.0100
0.7842 0.0075
0.8277 0.0074
0.8863 0.0090
0.9289 0.0123
1.0041 0.0136
1.0240 0.0031
1.0259 0.0060
1.0341 0.0085
1.0487 0.0029
1.1207 0.0054
1.1277 0.0138
1.3404 0.0093
1.3892 0.0092
1.3957 0.0060
1.4113 0.0091
1.4718 0.0047
1.4778 0.0131
1.4891 0.0133
1.5000 0.0089
1.5017 0.0109
1.5021 0.0066
1.5091 0.0114
1.5208 0.0027
1.5903 0.0076
1.6141 0.0081
1.6507 0.0048
1.6705 0.0081
1.6906 0.0094
1.7003 0.0158
1.7119 0.0076
1.7181 0.0089
1.7303 0.0052
1.7927 0.0089
1.8060 0.0143
1.8170 0.0064
1.8243 0.0113
1.9207 0.0076
1.9212 0.0021
1.9437 0.0113
1.9578 0.0043
1.9682 0.0078
1.9999 0.0077
2.0343 0.0057
2.0419 0.0027
2.0787 0.0053
2.0973 0.0033
2.1232 0.0018
2.1257 0.0048
2.1330 0.0110
2.1650 0.0010
2.1792 0.0069
2.2112 0.0074
2.2262 0.0160
2.2416 0.0096
2.2573 0.0066
2.2778 0.0130
2.2916 0.0017
2.2958 0.0122
2.3054 0.0068
2.3280 0.0083
2.3295 0.0225
2.3540 0.0058
2.3550 0.0090
2.4011 0.0152
2.4055 0.0113
2.4078 0.0071
2.4380 0.0096
2.4583 0.0108
2.4911 0.0131
2.4985 0.0165
2.5108 0.0186
2.5233 0.0061
2.5947 0.0207
2.6023 0.0152
2.6136 0.0144
2.6480 0.0178
2.7163 0.0119
2.7165 0.0060
2.7186 0.0003
2.7296 0.0019
2.7492 0.0072
2.8270 0.0084
2.8559 0.0044
2.8615 0.0188
2.9275 0.0136
2.9424 0.0119
2.9545 0.0106
2.9946 0.0047
3.0173 0.0116
3.0236 0.0016
3.1095 0.0082
3.1112 0.0062
3.1174 0.0223
3.1639 0.0075
3.1766 0.0029
3.1825 0.0054
3.1899 0.0096
3.2080 0.0098
3.2191 0.0098
3.2328 0.0110
3.2329 0.0003
3.2374 0.0022
3.2472 0.0019
3.2960 0.0076
3.3079 0.0023
3.3267 0.0083
3.3971 0.0093
3.4143 0.0055
3.4738 0.0064
3.5065 0.0065
3.5151 0.0022
3.5429 0.0115
3.5716 0.0068
3.5982 0.0046
3.6046 0.0210
3.6707 0.0016
3.6905 0.0013
3.7020 0.0162
3.7390 0.0016
3.7429 0.0139
3.7781 0.0037
3.7988 0.0074
3.8092 0.0082
3.8576 0.0092
3.8852 0.0073
3.9336 0.0039
3.9492 0.0046
3.9609 0.0007
4.0859 0.0064
4.1016 0.0094
4.1924 0.0123
4.1955 0.0053
4.2195 0.0071
4.3076 0.0096
4.3241 0.0104
4.3463 0.0068
4.4038 0.0079
4.4125 0.0143
4.4230 0.0020
4.4354 0.0185
4.4512 0.0108
4.4519 0.0127
4.4601 0.0104
4.4618 0.0056
4.5359 0.0115
4.6838 0.0121
4.6939 0.0091
4.6991 0.0099
4.7093 0.0049
4.7138 0.0056
4.7606 0.0102
4.7982 0.0052
4.8243 0.0096
4.8518 0.0216
4.8778 0.0110
4.8870 0.0103
4.9216 0.0143
4.9648 0.0031
4.9713 0.0089
4.9820 0.0037
5.0258 0.0021
5.0447 0.0029
5.0715 0.0060
5.1111 0.0107
5.1114 0.0135
5.1205 0.0138
5.1490 0.0034
5.1781 0.0079
5.2898 0.0067
5.3067 0.0074
5.3657 0.0107
5.3848 0.0055
5.4160 0.0083
5.4176 0.0038
5.4187 0.0041
5.4541 0.0074
5.4588 0.0048
5.4864 0.0171
5.5434 0.0032
5.5972 0.0084
5.6136 0.0137
5.6159 0.0050
5.6874 0.0080
5.7253 0.0031
5.7504 0.0208
5.7699 0.0053
5.7821 0.0032
5.8028 0.0039
5.8424 0.0084
5.8480 0.0135
5.8574 0.0147
5.9482 0.0099
5.9595 0.0059
5.9744 0.0004
5.9961 0.0024
6.0408 0.0085
6.0446 0.0100
6.0941 0.0044
6.1108 0.0053
6.1227 0.0032
6.1423 0.0078
6.1424 0.0185
6.1937 0.0035
6.2374 0.0131
6.2386 0.0136
6.2438 0.0046
6.2662 0.0144
6.2952 0.0050
6.3761 0.0047
6.3939 0.0101
6.4693 0.0059
6.4736 0.0185
6.4771 0.0066
6.4868 0.0044
6.5830 0.0096
6.6397 0.0045
6.6489 0.0093
6.6528 0.0033
6.6595 0.0085
6.6716 0.0111
6.6911 0.0144
6.7368 0.0054
6.7946 0.0179
6.8053 0.0052
6.8382 0.0165
6.8527 0.0043
6.9056 0.0136
6.9339 0.0113
6.9573 0.0115
6.9693 0.0080
7.0079 0.0020
7.0215 0.0106
7.0658 0.0028
7.0661 0.0157
7.0905 0.0070
7.1161 0.0021
7.1443 0.0102
7.2008 0.0181
7.3032 0.0063
7.3225 0.0071
7.3437 0.0137
7.3472 0.0083
7.3564 0.0043
7.3607 0.0042
7.4332 0.0024
7.4452 0.0213
7.4472 0.0061
7.5986 0.0048
7.6019 0.0097
7.6164 0.0129
7.6775 0.0078
7.6877 0.0022
7.6913 0.0072
7.7278 0.0236
7.7679 0.0143
7.7729 0.0134
7.7960 0.0087
7.7985 0.0012
7.8430 0.0022
7.8938 0.0009
7.9556 0.0060
8.0025 0.0038
8.0295 0.0086
8.0331 0.0043
8.0554 0.0099
8.0680 0.0117
8.0695 0.0072
8.0772 0.0079
8.0793 0.0159
8.1201 0.0043
8.1657 0.0100
8.2120 0.0039
8.3219 0.0119
8.3346 0.0122
8.3609 0.0047
8.3716 0.0070
8.3793 0.0093
8.4226 0.0037
8.4359 0.0174
8.4937 0.0033
8.5001 0.0131
8.5031 0.0029
8.5327 0.0153
8.5511 0.0075
8.5516 0.0096
8.5869 0.0075
8.6144 0.0113
8.6425 0.0050
8.6653 0.0095
8.6848 0.0060
8.7152 0.0219
8.7565 0.0163
8.7821 0.0084
8.8290 0.0048
8.8365 0.0127
8.8620 0.0100
8.8624 0.0046
8.8633 0.0005
8.8744 0.0053
8.9009 0.0030
8.9451 0.0050
8.9842 0.0037
9.0423 0.0029
9.0882 0.0075
9.0953 0.0052
9.0986 0.0074
9.1289 0.0110
9.2259 0.0190
9.2688 0.0082
9.2994 0.0101
9.3029 0.0078
9.4363 0.0095
9.4630 0.0104
9.4751 0.0047
9.4831 0.0095
9.4983 0.0105
9.6638 0.0051
9.7467 0.0095
9.7559 0.0019
9.7589 0.0033
9.7809 0.0088
9.7897 0.0143
9.8353 0.0134
9.8475 0.0135
9.8507 0.0055
9.9134 0.0177
9.9272 0.0039
9.9653 0.0007
9.9771 0.0140
9.9965 0.0146
10.0010 0.0183
