0
1.0 0.0

0.01
0.9858 0.0000000035

0.02
0.9578 0.0000000175

0.03
0.9165 0.0000000475

0.04
0.8629 0.0000000978

0.05
0.7978 0.0000001718

0.060000000000000005
0.7224 0.0000002704

0.07
0.6377 0.0000003920

0.08
0.5452 0.0000005322

0.09
0.4463 0.0000006842

0.09999999999999999
0.3424 0.0000008386

0.10999999999999999
0.2352 0.0000009846

0.11999999999999998
0.1262 0.0000011108

0.12999999999999998
0.0169 0.0000012062

0.13999999999999999
-0.0910 0.0000012610

0.15
-0.1962 0.0000012684

0.16
-0.2970 0.0000012248

0.17
-0.3922 0.0000011309

0.18000000000000002
-0.4805 0.0000009919

0.19000000000000003
-0.5607 0.0000008179

0.20000000000000004
-0.6319 0.0000006229

0.21000000000000005
-0.6930 0.0000004246

0.22000000000000006
-0.7435 0.0000002432

0.23000000000000007
-0.7827 0.0000000998

0.24000000000000007
-0.8102 0.0000000149

0.25000000000000006
-0.8258 0.0000000072

0.26000000000000006
-0.8296 0.0000000911

0.2700000000000001
-0.8215 0.0000002762

0.2800000000000001
-0.8018 0.0000005655

0.2900000000000001
-0.7711 0.0000009550

0.3000000000000001
-0.7298 0.0000014334

0.3100000000000001
-0.6788 0.0000019823

0.3200000000000001
-0.6189 0.0000025768

0.3300000000000001
-0.5511 0.0000031872

0.34000000000000014
-0.4764 0.0000037805

0.35000000000000014
-0.3960 0.0000043223

0.36000000000000015
-0.3112 0.0000047794

0.37000000000000016
-0.2231 0.0000051220

0.38000000000000017
-0.1331 0.0000053258

0.3900000000000002
-0.0426 0.0000053740

0.4000000000000002
0.0473 0.0000052591

0.4100000000000002
0.1353 0.0000049836

0.4200000000000002
0.2201 0.0000045606

0.4300000000000002
0.3005 0.0000040132

0.4400000000000002
0.3756 0.0000033738

0.45000000000000023
0.4442 0.0000026826

0.46000000000000024
0.5056 0.0000019849

0.47000000000000025
0.5589 0.0000013286

0.48000000000000026
0.6036 0.0000007615

0.49000000000000027
0.6390 0.0000003280

0.5000000000000002
0.6649 0.0000000661

0.5100000000000002
0.6810 0.0000000049

0.5200000000000002
0.6872 0.0000001621

0.5300000000000002
0.6835 0.0000005429

0.5400000000000003
0.6703 0.0000011387

0.5500000000000003
0.6477 0.0000019272

0.5600000000000003
0.6162 0.0000028736

0.5700000000000003
0.5764 0.0000039320

0.5800000000000003
0.5291 0.0000050480

0.5900000000000003
0.4749 0.0000061615

0.6000000000000003
0.4147 0.0000072106

0.6100000000000003
0.3495 0.0000081351

0.6200000000000003
0.2803 0.0000088805

0.6300000000000003
0.2081 0.0000094010

0.6400000000000003
0.1339 0.0000096632

0.6500000000000004
0.0589 0.0000096479

0.6600000000000004
-0.0158 0.0000093521

0.6700000000000004
-0.0893 0.0000087895

0.6800000000000004
-0.1604 0.0000079899

0.6900000000000004
-0.2283 0.0000069983

0.7000000000000004
-0.2920 0.0000058720

0.7100000000000004
-0.3506 0.0000046778

0.7200000000000004
-0.4034 0.0000034881

0.7300000000000004
-0.4497 0.0000023769

0.7400000000000004
-0.4890 0.0000014150

0.7500000000000004
-0.5209 0.0000006659

0.7600000000000005
-0.5448 0.0000001819

0.7700000000000005
-0.5607 0.0000000007

0.7800000000000005
-0.5684 0.0000001428

0.7900000000000005
-0.5680 0.0000006099

0.8000000000000005
-0.5595 0.0000013846

0.8100000000000005
-0.5432 0.0000024310

0.8200000000000005
-0.5194 0.0000036964

0.8300000000000005
-0.4886 0.0000051144

0.8400000000000005
-0.4512 0.0000066082

0.8500000000000005
-0.4081 0.0000080952

0.8600000000000005
-0.3597 0.0000094920

0.8700000000000006
-0.3069 0.0000107189

0.8800000000000006
-0.2506 0.0000117048

0.8900000000000006
-0.1915 0.0000123918

0.9000000000000006
-0.1305 0.0000127383

0.9100000000000006
-0.0685 0.0000127222

0.9200000000000006
-0.0064 0.0000123418

0.9300000000000006
0.0549 0.0000116170

0.9400000000000006
0.1145 0.0000105877

0.9500000000000006
0.1717 0.0000093119

0.9600000000000006
0.2256 0.0000078628

0.9700000000000006
0.2755 0.0000063242

0.9800000000000006
0.3209 0.0000047862

0.9900000000000007
0.3610 0.0000033396

1.0000000000000007
0.3954 0.0000020708

1.0100000000000007
0.4238 0.0000010568

1.0200000000000007
0.4457 0.0000003602

1.0300000000000007
0.4610 0.0000000262

1.0400000000000007
0.4695 0.0000000788

1.0500000000000007
0.4713 0.0000005202

1.0600000000000007
0.4663 0.0000013298

1.0700000000000007
0.4548 0.0000024655

1.0800000000000007
0.4371 0.0000038661

1.0900000000000007
0.4133 0.0000054545

1.1000000000000008
0.3841 0.0000071422

1.1100000000000008
0.3498 0.0000088342

1.1200000000000008
0.3110 0.0000104347

1.1300000000000008
0.2684 0.0000118527

1.1400000000000008
0.2226 0.0000130068

1.1500000000000008
0.1743 0.0000138307

1.1600000000000008
0.1241 0.0000142764

1.1700000000000008
0.0730 0.0000143176

1.1800000000000008
0.0215 0.0000139510

1.1900000000000008
-0.0295 0.0000131969

1.2000000000000008
-0.0794 0.0000120977

1.2100000000000009
-0.1275 0.0000107158

1.2200000000000009
-0.1731 0.0000091301

1.2300000000000009
-0.2155 0.0000074314

1.2400000000000009
-0.2543 0.0000057172

1.2500000000000009
-0.2890 0.0000040861

1.260000000000001
-0.3190 0.0000026321

1.270000000000001
-0.3441 0.0000014393

1.280000000000001
-0.3640 0.0000005768

1.290000000000001
-0.3784 0.0000000948

1.300000000000001
-0.3873 0.0000000220

1.310000000000001
-0.3905 0.0000003632

1.320000000000001
-0.3881 0.0000010997

1.330000000000001
-0.3803 0.0000021901

1.340000000000001
-0.3672 0.0000035724

1.350000000000001
-0.3491 0.0000051681

1.360000000000001
-0.3262 0.0000068862

1.370000000000001
-0.2991 0.0000086287

1.380000000000001
-0.2681 0.0000102962

1.390000000000001
-0.2338 0.0000117937

1.400000000000001
-0.1966 0.0000130357

1.410000000000001
-0.1572 0.0000139514

1.420000000000001
-0.1161 0.0000144888

1.430000000000001
-0.0739 0.0000146174

1.440000000000001
-0.0313 0.0000143303

1.450000000000001
0.0112 0.0000136441

1.460000000000001
0.0529 0.0000125981

1.470000000000001
0.0932 0.0000112524

1.480000000000001
0.1317 0.0000096837

1.490000000000001
0.1677 0.0000079814

1.500000000000001
0.2009 0.0000062422

1.5100000000000011
0.2307 0.0000045647

1.5200000000000011
0.2568 0.0000030437

1.5300000000000011
0.2789 0.0000017647

1.5400000000000011
0.2968 0.0000007991

1.5500000000000012
0.3102 0.0000002001

1.5600000000000012
0.3189 0.0000000000

1.5700000000000012
0.3231 0.0000002080

1.5800000000000012
0.3226 0.0000008101

1.5900000000000012
0.3175 0.0000017696

1.6000000000000012
0.3080 0.0000030299

1.6100000000000012
0.2943 0.0000045173

1.6200000000000012
0.2766 0.0000061454

1.6300000000000012
0.2552 0.0000078201

1.6400000000000012
0.2305 0.0000094451

1.6500000000000012
0.2029 0.0000109275

1.6600000000000013
0.1728 0.0000121828

1.6700000000000013
0.1407 0.0000131397

1.6800000000000013
0.1070 0.0000137445

1.6900000000000013
0.0723 0.0000139636

1.7000000000000013
0.0371 0.0000137856

1.7100000000000013
0.0018 0.0000132217

1.7200000000000013
-0.0330 0.0000123050

1.7300000000000013
-0.0668 0.0000110884

1.7400000000000013
-0.0992 0.0000096417

1.7500000000000013
-0.1297 0.0000080471

1.7600000000000013
-0.1580 0.0000063948

1.7700000000000014
-0.1836 0.0000047778

1.7800000000000014
-0.2062 0.0000032863

1.7900000000000014
-0.2256 0.0000020029

1.8000000000000014
-0.2415 0.0000009977

1.8100000000000014
-0.2538 0.0000003245

1.8200000000000014
-0.2623 0.0000000179

1.8300000000000014
-0.2669 0.0000000914

1.8400000000000014
-0.2677 0.0000005368

1.8500000000000014
-0.2647 0.0000013248

1.8600000000000014
-0.2580 0.0000024067

1.8700000000000014
-0.2477 0.0000037177

1.8800000000000014
-0.2341 0.0000051803

1.8900000000000015
-0.2173 0.0000067090

1.9000000000000015
-0.1977 0.0000082152

1.9100000000000015
-0.1755 0.0000096122

1.9200000000000015
-0.1512 0.0000108203

1.9300000000000015
-0.1251 0.0000117711

1.9400000000000015
-0.0976 0.0000124113

1.9500000000000015
-0.0690 0.0000127057

1.9600000000000015
-0.0399 0.0000126390

1.9700000000000015
-0.0107 0.0000122166

1.9800000000000015
0.0183 0.0000114639

1.9900000000000015
0.0466 0.0000104248

2.0000000000000013
0.0738 0.0000091591

2.010000000000001
0.0996 0.0000077390

2.020000000000001
0.1237 0.0000062447

2.0300000000000007
0.1456 0.0000047599

2.0400000000000005
0.1652 0.0000033670

2.0500000000000003
0.1821 0.0000021423

2.06
0.1962 0.0000011520

2.07
0.2073 0.0000004483

2.0799999999999996
0.2154 0.0000000667

2.0899999999999994
0.2202 0.0000000240

2.099999999999999
0.2219 0.0000003177

2.109999999999999
0.2204 0.0000009261

2.1199999999999988
0.2158 0.0000018102

2.1299999999999986
0.2082 0.0000029155

2.1399999999999983
0.1977 0.0000041754

2.149999999999998
0.1846 0.0000055155

2.159999999999998
0.1691 0.0000068573

2.1699999999999977
0.1514 0.0000081234

2.1799999999999975
0.1318 0.0000092412

2.1899999999999973
0.1106 0.0000101472

2.199999999999997
0.0881 0.0000107908

2.209999999999997
0.0647 0.0000111367

2.2199999999999966
0.0407 0.0000111667

2.2299999999999964
0.0165 0.0000108808

2.239999999999996
-0.0076 0.0000102970

2.249999999999996
-0.0313 0.0000094498

2.259999999999996
-0.0541 0.0000083883

2.2699999999999956
-0.0759 0.0000071732

2.2799999999999954
-0.0963 0.0000058731

2.289999999999995
-0.1151 0.0000045608

2.299999999999995
-0.1319 0.0000033089

2.3099999999999947
-0.1466 0.0000021858

2.3199999999999945
-0.1591 0.0000012517

2.3299999999999943
-0.1691 0.0000005555

2.339999999999994
-0.1766 0.0000001321

2.349999999999994
-0.1814 0.0000000005

2.3599999999999937
-0.1836 0.0000001629

2.3699999999999934
-0.1832 0.0000006050

2.3799999999999932
-0.1802 0.0000012967

2.389999999999993
-0.1747 0.0000021942

2.399999999999993
-0.1668 0.0000032426

2.4099999999999926
-0.1566 0.0000043791

2.4199999999999924
-0.1443 0.0000055367

2.429999999999992
-0.1302 0.0000066479

2.439999999999992
-0.1144 0.0000076488

2.4499999999999917
-0.0973 0.0000084825

2.4599999999999915
-0.0790 0.0000091023

2.4699999999999913
-0.0598 0.0000094740

2.479999999999991
-0.0400 0.0000095782

2.489999999999991
-0.0200 0.0000094104

2.4999999999999907
0.0000 0.0000089821

2.5099999999999905
0.0198 0.0000083189

2.5199999999999902
0.0389 0.0000074596

2.52999999999999
0.0573 0.0000064535

2.53999999999999
0.0746 0.0000053577

2.5499999999999896
0.0906 0.0000042335

2.5599999999999894
0.1050 0.0000031431

2.569999999999989
0.1178 0.0000021460

2.579999999999989
0.1287 0.0000012954

2.5899999999999888
0.1377 0.0000006359

2.5999999999999885
0.1445 0.0000002003

2.6099999999999883
0.1492 0.0000000088

2.619999999999988
0.1518 0.0000000671

2.629999999999988
0.1521 0.0000003669

2.6399999999999877
0.1503 0.0000008864

2.6499999999999875
0.1463 0.0000015916

2.6599999999999873
0.1404 0.0000024384

2.669999999999987
0.1325 0.0000033756

2.679999999999987
0.1229 0.0000043473

2.6899999999999866
0.1117 0.0000052966

2.6999999999999864
0.0990 0.0000061684

2.709999999999986
0.0852 0.0000069132

2.719999999999986
0.0703 0.0000074889

2.7299999999999858
0.0546 0.0000078638

2.7399999999999856
0.0384 0.0000080179

2.7499999999999853
0.0218 0.0000079441

2.759999999999985
0.0052 0.0000076482

2.769999999999985
-0.0112 0.0000071483

2.7799999999999847
-0.0273 0.0000064740

2.7899999999999845
-0.0427 0.0000056643

2.7999999999999843
-0.0574 0.0000047652

2.809999999999984
-0.0709 0.0000038271

2.819999999999984
-0.0833 0.0000029020

2.8299999999999836
-0.0944 0.0000020404

2.8399999999999834
-0.1039 0.0000012883

2.849999999999983
-0.1119 0.0000006850

2.859999999999983
-0.1181 0.0000002609

2.869999999999983
-0.1226 0.0000000357

2.8799999999999826
-0.1252 0.0000000177

2.8899999999999824
-0.1261 0.0000002033

2.899999999999982
-0.1251 0.0000005775

2.909999999999982
-0.1224 0.0000011148

2.9199999999999817
-0.1180 0.0000017811

2.9299999999999815
-0.1120 0.0000025352

2.9399999999999813
-0.1045 0.0000033320

2.949999999999981
-0.0956 0.0000041242

2.959999999999981
-0.0855 0.0000048658

2.9699999999999807
-0.0743 0.0000055142

2.9799999999999804
-0.0622 0.0000060329

2.9899999999999802
-0.0494 0.0000063931

2.99999999999998
-0.0361 0.0000065754

3.00999999999998
-0.0224 0.0000065708

3.0199999999999796
-0.0087 0.0000063811

3.0299999999999794
0.0050 0.0000060183

3.039999999999979
0.0184 0.0000055042

3.049999999999979
0.0314 0.0000048686

3.0599999999999787
0.0438 0.0000041480

3.0699999999999785
0.0553 0.0000033827

3.0799999999999783
0.0659 0.0000026154

3.089999999999978
0.0754 0.0000018879

3.099999999999978
0.0837 0.0000012392

3.1099999999999777
0.0907 0.0000007033

3.1199999999999775
0.0963 0.0000003073

3.1299999999999772
0.1005 0.0000000699

3.139999999999977
0.1032 0.0000000007

3.149999999999977
0.1044 0.0000000996

3.1599999999999766
0.1041 0.0000003569

3.1699999999999764
0.1023 0.0000007543

3.179999999999976
0.0991 0.0000012658

3.189999999999976
0.0945 0.0000018595

3.1999999999999758
0.0886 0.0000024993

3.2099999999999755
0.0816 0.0000031471

3.2199999999999753
0.0735 0.0000037648

3.229999999999975
0.0645 0.0000043170

3.239999999999975
0.0547 0.0000047723

3.2499999999999747
0.0443 0.0000051052

3.2599999999999745
0.0334 0.0000052979

3.2699999999999743
0.0222 0.0000053404

3.279999999999974
0.0108 0.0000052316

3.289999999999974
-0.0006 0.0000049788

3.2999999999999736
-0.0118 0.0000045975

3.3099999999999734
-0.0227 0.0000041099

3.319999999999973
-0.0331 0.0000035443

3.329999999999973
-0.0429 0.0000029324

3.3399999999999728
-0.0519 0.0000023084

3.3499999999999726
-0.0601 0.0000017064

3.3599999999999723
-0.0673 0.0000011588

3.369999999999972
-0.0734 0.0000006945

3.379999999999972
-0.0784 0.0000003369

3.3899999999999717
-0.0823 0.0000001033

3.3999999999999715
-0.0849 0.0000000036

3.4099999999999713
-0.0863 0.0000000401

3.419999999999971
-0.0864 0.0000002072

3.429999999999971
-0.0853 0.0000004922

3.4399999999999706
-0.0830 0.0000008760

3.4499999999999704
-0.0796 0.0000013340

3.45999999999997
-0.0751 0.0000018382

3.46999999999997
-0.0695 0.0000023582

3.47999999999997
-0.0631 0.0000028634

3.4899999999999696
-0.0559 0.0000033244

3.4999999999999694
-0.0480 0.0000037150

3.509999999999969
-0.0395 0.0000040133

3.519999999999969
-0.0306 0.0000042030

3.5299999999999687
-0.0213 0.0000042743

3.5399999999999685
-0.0119 0.0000042240

3.5499999999999683
-0.0025 0.0000040561

3.559999999999968
0.0069 0.0000037811

3.569999999999968
0.0160 0.0000034152

3.5799999999999677
0.0247 0.0000029796

3.5899999999999674
0.0330 0.0000024991

3.5999999999999672
0.0407 0.0000020006

3.609999999999967
0.0477 0.0000015113

3.619999999999967
0.0539 0.0000010577

3.6299999999999666
0.0593 0.0000006638

3.6399999999999664
0.0638 0.0000003497

3.649999999999966
0.0673 0.0000001307

3.659999999999966
0.0697 0.0000000165

3.6699999999999657
0.0712 0.0000000108

3.6799999999999655
0.0716 0.0000001110

3.6899999999999653
0.0710 0.0000003087

3.699999999999965
0.0695 0.0000005900

3.709999999999965
0.0669 0.0000009367

3.7199999999999647
0.0634 0.0000013272

3.7299999999999645
0.0591 0.0000017378

3.7399999999999642
0.0540 0.0000021440

3.749999999999964
0.0482 0.0000025223

3.759999999999964
0.0419 0.0000028508

3.7699999999999636
0.0350 0.0000031111

3.7799999999999634
0.0277 0.0000032889

3.789999999999963
0.0201 0.0000033747

3.799999999999963
0.0123 0.0000033646

3.8099999999999627
0.0045 0.0000032598

3.8199999999999625
-0.0033 0.0000030673

3.8299999999999623
-0.0109 0.0000027985

3.839999999999962
-0.0182 0.0000024692

3.849999999999962
-0.0252 0.0000020980

3.8599999999999617
-0.0318 0.0000017060

3.8699999999999615
-0.0377 0.0000013146

3.8799999999999613
-0.0431 0.0000009452

3.889999999999961
-0.0478 0.0000006172

3.899999999999961
-0.0517 0.0000003477

3.9099999999999606
-0.0549 0.0000001498

3.9199999999999604
-0.0572 0.0000000327

3.92999999999996
-0.0587 0.0000000007

3.93999999999996
-0.0593 0.0000000532

3.9499999999999598
-0.0591 0.0000001849

3.9599999999999596
-0.0580 0.0000003863

3.9699999999999593
-0.0562 0.0000006439

3.979999999999959
-0.0535 0.0000009414

3.989999999999959
-0.0502 0.0000012606

3.9999999999999587
-0.0461 0.0000015824

4.009999999999959
-0.0415 0.0000018878

4.019999999999959
-0.0364 0.0000021593

4.0299999999999585
-0.0308 0.0000023814

4.039999999999958
-0.0249 0.0000025419

4.049999999999958
-0.0186 0.0000026321

4.059999999999958
-0.0123 0.0000026476

4.069999999999958
-0.0058 0.0000025882

4.079999999999957
0.0007 0.0000024579

4.089999999999957
0.0070 0.0000022647

4.099999999999957
0.0132 0.0000020199

4.109999999999957
0.0191 0.0000017377

4.119999999999957
0.0246 0.0000014340

4.129999999999956
0.0297 0.0000011255

4.139999999999956
0.0344 0.0000008291

4.149999999999956
0.0384 0.0000005605

4.159999999999956
0.0419 0.0000003338

4.1699999999999555
0.0447 0.0000001602

4.179999999999955
0.0468 0.0000000478

4.189999999999955
0.0483 0.0000000013

4.199999999999955
0.0490 0.0000000213

4.209999999999955
0.0491 0.0000001047

4.2199999999999545
0.0484 0.0000002452

4.229999999999954
0.0471 0.0000004330

4.239999999999954
0.0451 0.0000006562

4.249999999999954
0.0425 0.0000009008

4.259999999999954
0.0393 0.0000011521

4.269999999999953
0.0357 0.0000013952

4.279999999999953
0.0315 0.0000016159

4.289999999999953
0.0270 0.0000018018

4.299999999999953
0.0222 0.0000019425

4.3099999999999525
0.0171 0.0000020302

4.319999999999952
0.0118 0.0000020606

4.329999999999952
0.0065 0.0000020324

4.339999999999952
0.0011 0.0000019478

4.349999999999952
-0.0042 0.0000018121

4.3599999999999515
-0.0093 0.0000016334

4.369999999999951
-0.0143 0.0000014219

4.379999999999951
-0.0190 0.0000011898

4.389999999999951
-0.0233 0.0000009499

4.399999999999951
-0.0273 0.0000007153

4.40999999999995
-0.0308 0.0000004987

4.41999999999995
-0.0338 0.0000003113

4.42999999999995
-0.0363 0.0000001626

4.43999999999995
-0.0383 0.0000000597

4.4499999999999496
-0.0397 0.0000000070

4.459999999999949
-0.0405 0.0000000059

4.469999999999949
-0.0407 0.0000000551

4.479999999999949
-0.0403 0.0000001503

4.489999999999949
-0.0394 0.0000002846

4.4999999999999485
-0.0379 0.0000004494

4.509999999999948
-0.0359 0.0000006343

4.519999999999948
-0.0335 0.0000008280

4.529999999999948
-0.0305 0.0000010189

4.539999999999948
-0.0272 0.0000011958

4.549999999999947
-0.0236 0.0000013488

4.559999999999947
-0.0197 0.0000014690

4.569999999999947
-0.0155 0.0000015500

4.579999999999947
-0.0112 0.0000015876

4.589999999999947
-0.0068 0.0000015799

4.599999999999946
-0.0023 0.0000015280

4.609999999999946
0.0021 0.0000014351

4.619999999999946
0.0064 0.0000013068

4.629999999999946
0.0106 0.0000011507

4.6399999999999455
0.0145 0.0000009756

4.649999999999945
0.0182 0.0000007914

4.659999999999945
0.0216 0.0000006082

4.669999999999945
0.0246 0.0000004358

4.679999999999945
0.0273 0.0000002833

4.689999999999944
0.0295 0.0000001584

4.699999999999944
0.0313 0.0000000674

4.709999999999944
0.0326 0.0000000141

4.719999999999944
0.0334 0.0000000005

4.729999999999944
0.0337 0.0000000261

4.739999999999943
0.0336 0.0000000883

4.749999999999943
0.0329 0.0000001825

4.759999999999943
0.0318 0.0000003023

4.769999999999943
0.0303 0.0000004402

4.7799999999999425
0.0284 0.0000005876

4.789999999999942
0.0261 0.0000007356

4.799999999999942
0.0235 0.0000008756

4.809999999999942
0.0205 0.0000009995

4.819999999999942
0.0173 0.0000011002

4.8299999999999415
0.0139 0.0000011723

4.839999999999941
0.0104 0.0000012118

4.849999999999941
0.0068 0.0000012168

4.859999999999941
0.0031 0.0000011875

4.869999999999941
-0.0006 0.0000011258

4.87999999999994
-0.0042 0.0000010355

4.88999999999994
-0.0077 0.0000009219

4.89999999999994
-0.0110 0.0000007915

4.90999999999994
-0.0142 0.0000006517

4.9199999999999395
-0.0170 0.0000005102

4.929999999999939
-0.0197 0.0000003747

4.939999999999939
-0.0219 0.0000002523

4.949999999999939
-0.0239 0.0000001494

4.959999999999939
-0.0255 0.0000000710

4.9699999999999385
-0.0267 0.0000000207

4.979999999999938
-0.0275 0.0000000004

4.989999999999938
-0.0279 0.0000000104

4.999999999999938
-0.0279 0.0000000492

5.009999999999938
-0.0275 0.0000001138

