0
1.0 0.0

0.01
1.0001 0.0002024001

0.02
0.9859 0.0007858492

0.03
0.9580 0.0016999818

0.04
0.9169 0.0028774981

0.05
0.8634 0.0042384522

0.060000000000000005
0.7983 0.0056951199

0.07
0.7229 0.0071571539

0.08
0.6383 0.0085367318

0.09
0.5459 0.0097534050

0.09999999999999999
0.4470 0.0107383872

0.10999999999999999
0.3432 0.0114380597

0.11999999999999998
0.2360 0.0118165179

0.12999999999999998
0.1269 0.0118570477

0.13999999999999999
0.0176 0.0115624804

0.15
-0.0904 0.0109544402

0.16
-0.1956 0.0100715595

0.17
-0.2965 0.0089667954

0.18000000000000002
-0.3918 0.0077040223

0.19000000000000003
-0.4801 0.0063541165

0.20000000000000004
-0.5604 0.0049907661

0.21000000000000005
-0.6317 0.0036862505

0.22000000000000006
-0.6929 0.0025074265

0.23000000000000007
-0.7435 0.0015121410

0.24000000000000007
-0.7828 0.0007462572

0.25000000000000006
-0.8104 0.0002414443

0.26000000000000006
-0.8261 0.0000138300

0.2700000000000001
-0.8300 0.0000635660

0.2800000000000001
-0.8219 0.0003753028

0.2900000000000001
-0.8024 0.0009195208

0.3000000000000001
-0.7717 0.0016546145

0.3100000000000001
-0.7305 0.0025295933

0.3200000000000001
-0.6796 0.0034872254

0.3300000000000001
-0.6197 0.0044674379

0.34000000000000014
-0.5519 0.0054107721

0.35000000000000014
-0.4772 0.0062617000

0.36000000000000015
-0.3969 0.0069716196

0.37000000000000016
-0.3120 0.0075013709

0.38000000000000017
-0.2239 0.0078231455

0.3900000000000002
-0.1339 0.0079217015

0.4000000000000002
-0.0432 0.0077948364

0.4100000000000002
0.0467 0.0074531145

0.4200000000000002
0.1348 0.0069188856

0.4300000000000002
0.2196 0.0062246725

0.4400000000000002
0.3002 0.0054110373

0.45000000000000023
0.3753 0.0045240601

0.46000000000000024
0.4441 0.0036125861

0.47000000000000025
0.5056 0.0027253998

0.48000000000000026
0.5590 0.0019084895

0.49000000000000027
0.6038 0.0012025509

0.5000000000000002
0.6393 0.0006408643

0.5100000000000002
0.6653 0.0002476510

0.5200000000000002
0.6815 0.0000369893

0.5300000000000002
0.6878 0.0000123320

0.5400000000000003
0.6842 0.0001666341

0.5500000000000003
0.6710 0.0004830665

0.5600000000000003
0.6485 0.0009362567

0.5700000000000003
0.6171 0.0014939711

0.5800000000000003
0.5773 0.0021191310

0.5900000000000003
0.5300 0.0027720400

0.6000000000000003
0.4758 0.0034126895

0.6100000000000003
0.4156 0.0040030129

0.6200000000000003
0.3504 0.0045089613

0.6300000000000003
0.2812 0.0049022916

0.6400000000000003
0.2089 0.0051619740

0.6500000000000004
0.1347 0.0052751521

0.6600000000000004
0.0596 0.0052376160

0.6700000000000004
-0.0152 0.0050537744

0.6800000000000004
-0.0888 0.0047361455

0.6900000000000004
-0.1600 0.0043044077

0.7000000000000004
-0.2280 0.0037840769

0.7100000000000004
-0.2918 0.0032048979

0.7200000000000004
-0.3506 0.0025990455

0.7300000000000004
-0.4035 0.0019992459

0.7400000000000004
-0.4499 0.0014369226

0.7500000000000004
-0.4894 0.0009404727

0.7600000000000005
-0.5213 0.0005337653

0.7700000000000005
-0.5454 0.0002349391

0.7800000000000005
-0.5614 0.0000555585

0.7900000000000005
-0.5692 0.0000001643

0.8000000000000005
-0.5688 0.0000662319

0.8100000000000005
-0.5604 0.0002445270

0.8200000000000005
-0.5441 0.0005198277

0.8300000000000005
-0.5203 0.0008719598

0.8400000000000005
-0.4896 0.0012770789

0.8500000000000005
-0.4523 0.0017091197

0.8600000000000005
-0.4091 0.0021413249

0.8700000000000006
-0.3607 0.0025477679

0.8800000000000006
-0.3079 0.0029047814

0.8900000000000006
-0.2515 0.0031922161

0.9000000000000006
-0.1923 0.0033944640

0.9100000000000006
-0.1312 0.0035011960

0.9200000000000006
-0.0691 0.0035077798

0.9300000000000006
-0.0070 0.0034153667

0.9400000000000006
0.0544 0.0032306507

0.9500000000000006
0.1142 0.0029653238

0.9600000000000006
0.1714 0.0026352678

0.9700000000000006
0.2255 0.0022595353

0.9800000000000006
0.2755 0.0018591838

0.9900000000000007
0.3210 0.0014560333

1.0000000000000007
0.3613 0.0010714182

1.0100000000000007
0.3958 0.0007250048

1.0200000000000007
0.4243 0.0004337381

1.0300000000000007
0.4463 0.0002109740

1.0400000000000007
0.4617 0.0000658385

1.0500000000000007
0.4703 0.0000028441

1.0600000000000007
0.4722 0.0000217767

1.0700000000000007
0.4673 0.0001178512

1.0800000000000007
0.4558 0.0002821188

1.0900000000000007
0.4381 0.0005020956

1.1000000000000008
0.4144 0.0007625700

1.1100000000000008
0.3851 0.0010465395

1.1200000000000008
0.3508 0.0013362183

1.1300000000000008
0.3120 0.0016140594

1.1400000000000008
0.2694 0.0018637309

1.1500000000000008
0.2235 0.0020709958

1.1600000000000008
0.1751 0.0022244464

1.1700000000000008
0.1249 0.0023160579

1.1800000000000008
0.0736 0.0023415356

1.1900000000000008
0.0221 0.0023004420

1.2000000000000008
-0.0291 0.0021961038

1.2100000000000009
-0.0791 0.0020353099

1.2200000000000009
-0.1273 0.0018278256

1.2300000000000009
-0.1730 0.0015857530

1.2400000000000009
-0.2156 0.0013227811

1.2500000000000009
-0.2545 0.0010533693

1.260000000000001
-0.2893 0.0007919118

1.270000000000001
-0.3194 0.0005519323

1.280000000000001
-0.3447 0.0003453513

1.290000000000001
-0.3646 0.0001818660

1.300000000000001
-0.3791 0.0000684734

1.310000000000001
-0.3881 0.0000091602

1.320000000000001
-0.3914 0.0000047702

1.330000000000001
-0.3891 0.0000530529

1.340000000000001
-0.3813 0.0001488836

1.350000000000001
-0.3682 0.0002846383

1.360000000000001
-0.3501 0.0004506976

1.370000000000001
-0.3273 0.0006360470

1.380000000000001
-0.3001 0.0008289370

1.390000000000001
-0.2691 0.0010175650

1.400000000000001
-0.2347 0.0011907386

1.410000000000001
-0.1975 0.0013384849

1.420000000000001
-0.1580 0.0014525729

1.430000000000001
-0.1168 0.0015269219

1.440000000000001
-0.0745 0.0015578769

1.450000000000001
-0.0318 0.0015443400

1.460000000000001
0.0107 0.0014877533

1.470000000000001
0.0526 0.0013919407

1.480000000000001
0.0930 0.0012628206

1.490000000000001
0.1316 0.0011080099

1.500000000000001
0.1678 0.0009363443

1.5100000000000011
0.2010 0.0007573456

1.5200000000000011
0.2310 0.0005806663

1.5300000000000011
0.2572 0.0004155438

1.5400000000000011
0.2794 0.0002702945

1.5500000000000012
0.2974 0.0001518755

1.5600000000000012
0.3109 0.0000655350

1.5700000000000012
0.3197 0.0000145703

1.5800000000000012
0.3239 0.0000002021

1.5900000000000012
0.3235 0.0000215688

1.6000000000000012
0.3185 0.0000758387

1.6100000000000012
0.3090 0.0001584286

1.6200000000000012
0.2953 0.0002633145

1.6300000000000012
0.2776 0.0003834129

1.6400000000000012
0.2562 0.0005110113

1.6500000000000012
0.2315 0.0006382191

1.6600000000000013
0.2038 0.0007574163

1.6700000000000013
0.1736 0.0008616725

1.6800000000000013
0.1415 0.0009451144

1.6900000000000013
0.1077 0.0010032233

1.7000000000000013
0.0729 0.0010330469

1.7100000000000013
0.0376 0.0010333174

1.7200000000000013
0.0022 0.0010044707

1.7300000000000013
-0.0327 0.0009485701

1.7400000000000013
-0.0666 0.0008691406

1.7500000000000013
-0.0991 0.0007709266

1.7600000000000013
-0.1298 0.0006595882

1.7700000000000014
-0.1581 0.0005413555

1.7800000000000014
-0.1838 0.0004226618

1.7900000000000014
-0.2066 0.0003097760

1.8000000000000014
-0.2261 0.0002084560

1.8100000000000014
-0.2421 0.0001236410

1.8200000000000014
-0.2545 0.0000591995

1.8300000000000014
-0.2630 0.0000177443

1.8400000000000014
-0.2677 0.0000005249

1.8500000000000014
-0.2686 0.0000073983

1.8600000000000014
-0.2656 0.0000368799

1.8700000000000014
-0.2589 0.0000862672

1.8800000000000014
-0.2487 0.0001518292

1.8900000000000015
-0.2350 0.0002290464

1.9000000000000015
-0.2182 0.0003128890

1.9100000000000015
-0.1986 0.0003981141

1.9200000000000015
-0.1764 0.0004795668

1.9300000000000015
-0.1520 0.0005524662

1.9400000000000015
-0.1258 0.0006126626

1.9500000000000015
-0.0982 0.0006568507

1.9600000000000015
-0.0696 0.0006827291

1.9700000000000015
-0.0404 0.0006890991

1.9800000000000015
-0.0111 0.0006758979

1.9900000000000015
0.0180 0.0006441672

2.0000000000000013
0.0464 0.0005959612

2.010000000000001
0.0737 0.0005342003

2.020000000000001
0.0997 0.0004624805

2.0300000000000007
0.1238 0.0003848511

2.0400000000000005
0.1458 0.0003055735

2.0500000000000003
0.1655 0.0002288755

2.06
0.1825 0.0001587151

2.07
0.1967 0.0000985664

2.0799999999999996
0.2079 0.0000512399

2.0899999999999994
0.2160 0.0000187444

2.099999999999999
0.2210 0.0000021990

2.109999999999999
0.2227 0.0000017978

2.1199999999999988
0.2212 0.0000168265

2.1299999999999986
0.2166 0.0000457310

2.1399999999999983
0.2091 0.0000862294

2.149999999999998
0.1986 0.0001354630

2.159999999999998
0.1855 0.0001901739

2.1699999999999977
0.1699 0.0002469000

2.1799999999999975
0.1522 0.0003021754

2.1899999999999973
0.1325 0.0003527252

2.199999999999997
0.1113 0.0003956431

2.209999999999997
0.0887 0.0004285431

2.2199999999999966
0.0653 0.0004496778

2.2299999999999964
0.0412 0.0004580165

2.239999999999996
0.0169 0.0004532811

2.249999999999996
-0.0073 0.0004359388

2.259999999999996
-0.0311 0.0004071530

2.2699999999999956
-0.0540 0.0003686964

2.2799999999999954
-0.0759 0.0003228332

2.289999999999995
-0.0964 0.0002721767

2.299999999999995
-0.1153 0.0002195322

2.3099999999999947
-0.1322 0.0001677334

2.3199999999999945
-0.1470 0.0001194824

2.3299999999999943
-0.1596 0.0000772027

2.339999999999994
-0.1696 0.0000429109

2.349999999999994
-0.1772 0.0000181164

2.3599999999999937
-0.1821 0.0000037522

2.3699999999999934
-0.1844 0.0000001398

2.3799999999999932
-0.1840 0.0000069905

2.389999999999993
-0.1810 0.0000234394

2.399999999999993
-0.1755 0.0000481124

2.4099999999999926
-0.1676 0.0000792182

2.4199999999999924
-0.1574 0.0001146617

2.429999999999992
-0.1451 0.0001521712

2.439999999999992
-0.1310 0.0001894308

2.4499999999999917
-0.1151 0.0002242118

2.4599999999999915
-0.0979 0.0002544951

2.4699999999999913
-0.0796 0.0002785783

2.479999999999991
-0.0603 0.0002951607

2.489999999999991
-0.0405 0.0003034050

2.4999999999999907
-0.0204 0.0003029692

2.5099999999999905
-0.0003 0.0002940110

2.5199999999999902
0.0196 0.0002771634

2.52999999999999
0.0388 0.0002534850

2.53999999999999
0.0573 0.0002243869

2.5499999999999896
0.0747 0.0001915431

2.5599999999999894
0.0907 0.0001567886

2.569999999999989
0.1053 0.0001220110

2.579999999999989
0.1181 0.0000890433

2.5899999999999888
0.1291 0.0000595626

2.5999999999999885
0.1381 0.0000350007

2.6099999999999883
0.1451 0.0000164714

2.619999999999988
0.1498 0.0000047175

2.629999999999988
0.1524 0.0000000805

2.6399999999999877
0.1528 0.0000024940

2.6499999999999875
0.1510 0.0000114994

2.6599999999999873
0.1471 0.0000262842

2.669999999999987
0.1411 0.0000457380

2.679999999999987
0.1333 0.0000685241

2.6899999999999866
0.1236 0.0000931614

2.6999999999999864
0.1124 0.0001181117

2.709999999999986
0.0997 0.0001418682

2.719999999999986
0.0858 0.0001630388

2.7299999999999858
0.0708 0.0001804205

2.7399999999999856
0.0551 0.0001930613

2.7499999999999853
0.0388 0.0002003060

2.759999999999985
0.0222 0.0002018235

2.769999999999985
0.0055 0.0001976158

2.7799999999999847
-0.0110 0.0001880073

2.7899999999999845
-0.0272 0.0001736170

2.7999999999999843
-0.0427 0.0001553145

2.809999999999984
-0.0574 0.0001341633

2.819999999999984
-0.0711 0.0001113559

2.8299999999999836
-0.0836 0.0000881419

2.8399999999999834
-0.0947 0.0000657568

2.849999999999983
-0.1043 0.0000453530

2.859999999999983
-0.1123 0.0000279375

2.869999999999983
-0.1186 0.0000143198

2.8799999999999826
-0.1231 0.0000050726

2.8899999999999824
-0.1258 0.0000005071

2.899999999999982
-0.1267 0.0000006632

2.909999999999982
-0.1258 0.0000053158

2.9199999999999817
-0.1231 0.0000139957

2.9299999999999815
-0.1187 0.0000260229

2.9399999999999813
-0.1127 0.0000405516

2.949999999999981
-0.1051 0.0000566228

2.959999999999981
-0.0962 0.0000732213

2.9699999999999807
-0.0861 0.0000893346

2.9799999999999804
-0.0748 0.0001040094

2.9899999999999802
-0.0627 0.0001164035

2.99999999999998
-0.0498 0.0001258295

3.00999999999998
-0.0365 0.0001317886

3.0199999999999796
-0.0228 0.0001339929

3.0299999999999794
-0.0089 0.0001323747

3.039999999999979
0.0048 0.0001270842

3.049999999999979
0.0183 0.0001184735

3.0599999999999787
0.0314 0.0001070715

3.0699999999999785
0.0438 0.0000935480

3.0799999999999783
0.0554 0.0000786724

3.089999999999978
0.0661 0.0000632669

3.099999999999978
0.0757 0.0000481593

3.1099999999999777
0.0840 0.0000341357

3.1199999999999775
0.0911 0.0000218983

3.1299999999999772
0.0968 0.0000120283

3.139999999999977
0.1010 0.0000049567

3.149999999999977
0.1037 0.0000009451

3.1599999999999766
0.1049 0.0000000764

3.1699999999999764
0.1046 0.0000022548

3.179999999999976
0.1029 0.0000072177

3.189999999999976
0.0997 0.0000145548

3.1999999999999758
0.0951 0.0000237358

3.2099999999999755
0.0892 0.0000341442

3.2199999999999753
0.0822 0.0000451142

3.229999999999975
0.0741 0.0000559695

3.239999999999975
0.0650 0.0000660618

3.2499999999999747
0.0552 0.0000748062

3.2599999999999745
0.0447 0.0000817123

3.2699999999999743
0.0338 0.0000864082

3.279999999999974
0.0225 0.0000886583

3.289999999999974
0.0110 0.0000883722

3.2999999999999736
-0.0004 0.0000856050

3.3099999999999734
-0.0117 0.0000805501

3.319999999999973
-0.0226 0.0000735239

3.329999999999973
-0.0331 0.0000649441

3.3399999999999728
-0.0429 0.0000553035

3.3499999999999726
-0.0521 0.0000451398

3.3599999999999723
-0.0603 0.0000350038

3.369999999999972
-0.0676 0.0000254287

3.379999999999972
-0.0738 0.0000169002

3.3899999999999717
-0.0788 0.0000098308

3.3999999999999715
-0.0827 0.0000045390

3.4099999999999713
-0.0854 0.0000012342

3.419999999999971
-0.0868 0.0000000084

3.429999999999971
-0.0869 0.0000008346

3.4399999999999706
-0.0858 0.0000035720

3.4499999999999704
-0.0835 0.0000079774

3.45999999999997
-0.0801 0.0000137218

3.46999999999997
-0.0756 0.0000204118

3.47999999999997
-0.0701 0.0000276136

3.4899999999999696
-0.0636 0.0000348782

3.4999999999999694
-0.0564 0.0000417677

3.509999999999969
-0.0484 0.0000478789

3.519999999999969
-0.0399 0.0000528654

3.5299999999999687
-0.0309 0.0000564547

3.5399999999999685
-0.0216 0.0000584618

3.5499999999999683
-0.0122 0.0000587965

3.559999999999968
-0.0027 0.0000574655

3.569999999999968
0.0067 0.0000545694

3.5799999999999677
0.0159 0.0000502937

3.5899999999999674
0.0247 0.0000448963

3.5999999999999672
0.0331 0.0000386901

3.609999999999967
0.0408 0.0000320244

3.619999999999967
0.0479 0.0000252637

3.6299999999999666
0.0542 0.0000187672

3.6399999999999664
0.0596 0.0000128682

3.649999999999966
0.0641 0.0000078570

3.659999999999966
0.0676 0.0000039651

3.6699999999999657
0.0701 0.0000013545

3.6799999999999655
0.0716 0.0000001107

3.6899999999999653
0.0721 0.0000002402

3.699999999999965
0.0715 0.0000016726

3.709999999999965
0.0699 0.0000042666

3.7199999999999647
0.0674 0.0000078208

3.7299999999999645
0.0639 0.0000120861

3.7399999999999642
0.0596 0.0000167817

3.749999999999964
0.0545 0.0000216115

3.759999999999964
0.0487 0.0000262815

3.7699999999999636
0.0423 0.0000305157

3.7799999999999634
0.0353 0.0000340716

3.789999999999963
0.0280 0.0000367524

3.799999999999963
0.0204 0.0000384170

3.8099999999999627
0.0126 0.0000389858

3.8199999999999625
0.0047 0.0000384432

3.8299999999999623
-0.0031 0.0000368372

3.839999999999962
-0.0108 0.0000342738

3.849999999999962
-0.0182 0.0000309100

3.8599999999999617
-0.0253 0.0000269430

3.8699999999999615
-0.0318 0.0000225980

3.8799999999999613
-0.0379 0.0000181149

3.889999999999961
-0.0433 0.0000137340

3.899999999999961
-0.0480 0.0000096826

3.9099999999999606
-0.0520 0.0000061630

3.9199999999999604
-0.0552 0.0000033414

3.92999999999996
-0.0576 0.0000013401

3.93999999999996
-0.0591 0.0000002316

3.9499999999999598
-0.0597 0.0000000366

3.9599999999999596
-0.0595 0.0000007238

3.9699999999999593
-0.0585 0.0000022138

3.979999999999959
-0.0566 0.0000043847

3.989999999999959
-0.0540 0.0000070803

3.9999999999999587
-0.0506 0.0000101201

4.009999999999959
-0.0466 0.0000133101

4.019999999999959
-0.0419 0.0000164540

4.0299999999999585
-0.0367 0.0000193643

4.039999999999958
-0.0311 0.0000218726

4.049999999999958
-0.0252 0.0000238386

4.059999999999958
-0.0189 0.0000251568

4.069999999999958
-0.0125 0.0000257615

4.079999999999957
-0.0060 0.0000256295

4.089999999999957
0.0005 0.0000247794

4.099999999999957
0.0070 0.0000232702

4.109999999999957
0.0132 0.0000211958

4.119999999999957
0.0191 0.0000186793

4.129999999999956
0.0247 0.0000158650

4.139999999999956
0.0299 0.0000129096

4.149999999999956
0.0345 0.0000099729

4.159999999999956
0.0386 0.0000072089

4.1699999999999555
0.0421 0.0000047576

4.179999999999955
0.0450 0.0000027368

4.189999999999955
0.0471 0.0000012370

4.199999999999955
0.0486 0.0000003167

4.209999999999955
0.0494 0.0000000002

4.2199999999999545
0.0494 0.0000002773

4.229999999999954
0.0488 0.0000011051

4.239999999999954
0.0475 0.0000024110

4.249999999999954
0.0455 0.0000040982

4.259999999999954
0.0429 0.0000060514

4.269999999999953
0.0397 0.0000081443

4.279999999999953
0.0360 0.0000102467

4.289999999999953
0.0318 0.0000122320

4.299999999999953
0.0273 0.0000139843

4.3099999999999525
0.0224 0.0000154044

4.319999999999952
0.0173 0.0000164150

4.329999999999952
0.0120 0.0000169643

4.339999999999952
0.0067 0.0000170280

4.349999999999952
0.0012 0.0000166101

4.3599999999999515
-0.0041 0.0000157416

4.369999999999951
-0.0093 0.0000144778

4.379999999999951
-0.0143 0.0000128946

4.389999999999951
-0.0190 0.0000110838

4.399999999999951
-0.0234 0.0000091470

4.40999999999995
-0.0274 0.0000071900

4.41999999999995
-0.0310 0.0000053164

4.42999999999995
-0.0340 0.0000036221

4.43999999999995
-0.0366 0.0000021902

4.4499999999999496
-0.0386 0.0000010863

4.459999999999949
-0.0400 0.0000003560

4.469999999999949
-0.0408 0.0000000224

4.479999999999949
-0.0410 0.0000000857

4.489999999999949
-0.0407 0.0000005240

4.4999999999999485
-0.0397 0.0000012952

4.509999999999948
-0.0383 0.0000023398

4.519999999999948
-0.0363 0.0000035848

4.529999999999948
-0.0338 0.0000049486

4.539999999999948
-0.0308 0.0000063453

4.549999999999947
-0.0275 0.0000076900

4.559999999999947
-0.0239 0.0000089033

4.569999999999947
-0.0199 0.0000099160

4.579999999999947
-0.0157 0.0000106722

4.589999999999947
-0.0114 0.0000111322

4.599999999999946
-0.0069 0.0000112742

4.609999999999946
-0.0025 0.0000110952

4.619999999999946
0.0020 0.0000106102

4.629999999999946
0.0064 0.0000098511

4.6399999999999455
0.0106 0.0000088642

4.649999999999945
0.0146 0.0000077072

4.659999999999945
0.0183 0.0000064456

4.669999999999945
0.0217 0.0000051491

4.679999999999945
0.0248 0.0000038868

4.689999999999944
0.0275 0.0000027242

4.699999999999944
0.0297 0.0000017191

4.709999999999944
0.0315 0.0000009187

4.719999999999944
0.0328 0.0000003573

4.729999999999944
0.0336 0.0000000548

4.739999999999943
0.0340 0.0000000162

4.749999999999943
0.0338 0.0000002312

4.759999999999943
0.0332 0.0000006762

4.769999999999943
0.0321 0.0000013149

4.7799999999999425
0.0306 0.0000021017

4.789999999999942
0.0287 0.0000029841

4.799999999999942
0.0264 0.0000039059

4.809999999999942
0.0237 0.0000048104

4.819999999999942
0.0208 0.0000056437

4.8299999999999415
0.0175 0.0000063579

4.839999999999941
0.0141 0.0000069129

4.849999999999941
0.0106 0.0000072793

4.859999999999941
0.0069 0.0000074387

4.869999999999941
0.0032 0.0000073855

4.87999999999994
-0.0005 0.0000071259

4.88999999999994
-0.0041 0.0000066777

4.89999999999994
-0.0077 0.0000060687

4.90999999999994
-0.0110 0.0000053350

4.9199999999999395
-0.0142 0.0000045184

4.929999999999939
-0.0171 0.0000036645

4.939999999999939
-0.0198 0.0000028192

4.949999999999939
-0.0221 0.0000020268

4.959999999999939
-0.0241 0.0000013273

4.9699999999999385
-0.0257 0.0000007542

4.979999999999938
-0.0269 0.0000003328

4.989999999999938
-0.0277 0.0000000794

4.999999999999938
-0.0281 0.0000000002

5.009999999999938
-0.0281 0.0000000915

