0
1.0 0.0

0.0010000000000000002
0.9992 0.0000000000

0.0020000000000000005
0.9983 0.0000000002

0.0030999999999999986
0.9971 0.0000000005

0.004099999999999998
0.9959 0.0000000008

0.005
0.9947 0.0000000012

0.006000000000000003
0.9932 0.0000000018

0.007000000000000005
0.9916 0.0000000024

0.008000000000000007
0.9898 0.0000000031

0.009000000000000001
0.9879 0.0000000039

0.010099999999999994
0.9857 0.0000000049

0.011099999999999988
0.9835 0.0000000060

0.012099999999999982
0.9812 0.0000000071

0.013099999999999976
0.9787 0.0000000083

0.01409999999999997
0.9761 0.0000000095

0.015099999999999964
0.9734 0.0000000109

0.016099999999999958
0.9705 0.0000000124

0.017099999999999952
0.9675 0.0000000139

0.018099999999999946
0.9644 0.0000000156

0.01909999999999994
0.9611 0.0000000173

0.020099999999999934
0.9577 0.0000000191

0.021099999999999928
0.9541 0.0000000209

0.022099999999999922
0.9505 0.0000000229

0.023099999999999916
0.9467 0.0000000249

0.02409999999999991
0.9427 0.0000000270

0.025099999999999904
0.9387 0.0000000292

0.026099999999999898
0.9345 0.0000000315

0.02709999999999989
0.9302 0.0000000338

0.028099999999999885
0.9258 0.0000000362

0.02909999999999988
0.9212 0.0000000386

0.030099999999999873
0.9165 0.0000000412

0.031099999999999867
0.9117 0.0000000438

0.03209999999999989
0.9067 0.0000000464

0.03309999999999992
0.9017 0.0000000491

0.03409999999999995
0.8965 0.0000000519

0.03509999999999998
0.8912 0.0000000547

0.03610000000000001
0.8858 0.0000000576

0.03700000000000003
0.8808 0.0000000603

0.03800000000000006
0.8752 0.0000000632

0.03900000000000009
0.8694 0.0000000663

0.04000000000000012
0.8635 0.0000000694

0.04100000000000015
0.8575 0.0000000725

0.042000000000000176
0.8514 0.0000000757

0.043000000000000205
0.8452 0.0000000789

0.04400000000000023
0.8389 0.0000000821

0.04500000000000026
0.8324 0.0000000854

0.04600000000000029
0.8259 0.0000000887

0.04700000000000032
0.8192 0.0000000921

0.04800000000000035
0.8124 0.0000000955

0.04900000000000038
0.8056 0.0000000989

0.050000000000000405
0.7986 0.0000001023

0.051000000000000434
0.7915 0.0000001058

0.05200000000000046
0.7843 0.0000001093

0.05300000000000049
0.7770 0.0000001128

0.05400000000000052
0.7696 0.0000001163

0.05500000000000055
0.7621 0.0000001198

0.05600000000000058
0.7546 0.0000001234

0.057000000000000606
0.7469 0.0000001269

0.058000000000000634
0.7391 0.0000001305

0.05900000000000066
0.7312 0.0000001341

0.06000000000000069
0.7232 0.0000001376

0.06100000000000072
0.7152 0.0000001412

0.06200000000000075
0.7070 0.0000001448

0.06300000000000078
0.6988 0.0000001484

0.0640000000000008
0.6905 0.0000001520

0.06500000000000083
0.6821 0.0000001555

0.06600000000000086
0.6736 0.0000001591

0.06700000000000089
0.6650 0.0000001626

0.06800000000000092
0.6563 0.0000001662

0.06900000000000095
0.6476 0.0000001697

0.07000000000000098
0.6387 0.0000001732

0.071000000000001
0.6298 0.0000001767

0.07200000000000104
0.6209 0.0000001802

0.07300000000000106
0.6118 0.0000001836

0.07400000000000109
0.6027 0.0000001870

0.07500000000000112
0.5935 0.0000001904

0.07600000000000115
0.5842 0.0000001938

0.07700000000000118
0.5748 0.0000001971

0.07800000000000121
0.5654 0.0000002004

0.07900000000000124
0.5559 0.0000002036

0.08000000000000126
0.5464 0.0000002069

0.0810000000000013
0.5368 0.0000002100

0.08200000000000132
0.5271 0.0000002132

0.08300000000000135
0.5174 0.0000002163

0.08400000000000138
0.5076 0.0000002193

0.08500000000000141
0.4977 0.0000002223

0.08600000000000144
0.4878 0.0000002253

0.08700000000000147
0.4778 0.0000002282

0.0880000000000015
0.4678 0.0000002311

0.08900000000000152
0.4577 0.0000002339

0.09000000000000155
0.4476 0.0000002366

0.09100000000000158
0.4374 0.0000002393

0.09200000000000161
0.4272 0.0000002420

0.09300000000000164
0.4169 0.0000002446

0.09400000000000167
0.4066 0.0000002471

0.0950000000000017
0.3963 0.0000002495

0.09600000000000172
0.3859 0.0000002519

0.09700000000000175
0.3754 0.0000002543

0.09800000000000178
0.3649 0.0000002565

0.09900000000000181
0.3544 0.0000002587

0.10000000000000184
0.3439 0.0000002609

0.10100000000000187
0.3333 0.0000002629

0.1020000000000019
0.3227 0.0000002649

0.10300000000000192
0.3120 0.0000002669

0.10400000000000195
0.3013 0.0000002687

0.10500000000000198
0.2906 0.0000002705

0.10600000000000201
0.2799 0.0000002722

0.10700000000000204
0.2691 0.0000002738

0.10800000000000207
0.2584 0.0000002754

0.1090000000000021
0.2476 0.0000002768

0.11000000000000212
0.2367 0.0000002782

0.11100000000000215
0.2259 0.0000002796

0.11200000000000218
0.2151 0.0000002808

0.11300000000000221
0.2042 0.0000002820

0.11400000000000224
0.1933 0.0000002830

0.11500000000000227
0.1824 0.0000002840

0.1160000000000023
0.1715 0.0000002850

0.11700000000000232
0.1606 0.0000002858

0.11800000000000235
0.1496 0.0000002866

0.11900000000000238
0.1387 0.0000002872

0.12000000000000241
0.1278 0.0000002878

0.12100000000000244
0.1168 0.0000002883

0.12200000000000247
0.1059 0.0000002888

0.1230000000000025
0.0950 0.0000002891

0.12400000000000252
0.0840 0.0000002894

0.12500000000000255
0.0731 0.0000002896

0.12600000000000244
0.0622 0.0000002896

0.12700000000000233
0.0513 0.0000002897

0.12800000000000222
0.0404 0.0000002896

0.1290000000000021
0.0294 0.0000002894

0.130000000000002
0.0186 0.0000002892

0.1310000000000019
0.0077 0.0000002889

0.13200000000000178
-0.0032 0.0000002885

0.13300000000000167
-0.0140 0.0000002880

0.13400000000000156
-0.0249 0.0000002875

0.13500000000000145
-0.0357 0.0000002868

0.13600000000000134
-0.0465 0.0000002861

0.13700000000000123
-0.0572 0.0000002853

0.13800000000000112
-0.0680 0.0000002844

0.139000000000001
-0.0787 0.0000002834

0.1400000000000009
-0.0894 0.0000002824

0.1410000000000008
-0.1000 0.0000002813

0.14200000000000068
-0.1107 0.0000002801

0.14300000000000057
-0.1213 0.0000002788

0.14400000000000046
-0.1319 0.0000002775

0.14500000000000035
-0.1424 0.0000002761

0.14600000000000024
-0.1529 0.0000002746

0.14700000000000013
-0.1634 0.0000002730

0.1481
-0.1748 0.0000002712

0.1490999999999999
-0.1852 0.0000002695

0.1500999999999998
-0.1956 0.0000002678

0.15109999999999968
-0.2059 0.0000002659

0.15209999999999957
-0.2161 0.0000002640

0.15309999999999946
-0.2263 0.0000002620

0.15409999999999935
-0.2365 0.0000002600

0.15509999999999924
-0.2466 0.0000002579

0.15609999999999913
-0.2567 0.0000002557

0.15709999999999902
-0.2667 0.0000002535

0.1580999999999989
-0.2766 0.0000002512

0.1590999999999988
-0.2865 0.0000002489

0.1600999999999987
-0.2964 0.0000002465

0.16109999999999858
-0.3062 0.0000002440

0.16209999999999847
-0.3159 0.0000002415

0.16309999999999836
-0.3256 0.0000002389

0.16409999999999825
-0.3352 0.0000002363

0.16509999999999814
-0.3448 0.0000002337

0.16609999999999803
-0.3543 0.0000002310

0.16709999999999792
-0.3637 0.0000002282

0.1680999999999978
-0.3731 0.0000002254

0.1690999999999977
-0.3824 0.0000002226

0.1700999999999976
-0.3916 0.0000002197

0.17109999999999748
-0.4008 0.0000002168

0.17209999999999737
-0.4099 0.0000002138

0.17309999999999726
-0.4189 0.0000002108

0.17409999999999715
-0.4278 0.0000002078

0.17509999999999704
-0.4367 0.0000002047

0.17609999999999693
-0.4455 0.0000002016

0.17709999999999682
-0.4542 0.0000001985

0.1780999999999967
-0.4629 0.0000001954

0.1790999999999966
-0.4714 0.0000001922

0.18009999999999649
-0.4799 0.0000001890

0.18109999999999637
-0.4883 0.0000001858

0.18209999999999626
-0.4967 0.0000001825

0.18309999999999615
-0.5049 0.0000001793

0.18409999999999604
-0.5131 0.0000001760

0.18509999999999593
-0.5211 0.0000001727

0.18609999999999582
-0.5291 0.0000001694

0.18709999999999571
-0.5370 0.0000001661

0.1880999999999956
-0.5448 0.0000001628

0.1890999999999955
-0.5526 0.0000001594

0.19009999999999538
-0.5602 0.0000001561

0.19109999999999527
-0.5677 0.0000001527

0.19209999999999516
-0.5752 0.0000001494

0.19309999999999505
-0.5826 0.0000001461

0.19409999999999494
-0.5898 0.0000001427

0.19509999999999483
-0.5970 0.0000001394

0.19609999999999472
-0.6041 0.0000001360

0.1970999999999946
-0.6110 0.0000001327

0.1980999999999945
-0.6179 0.0000001294

0.1990999999999944
-0.6247 0.0000001261

0.20009999999999428
-0.6314 0.0000001228

0.20109999999999417
-0.6380 0.0000001195

0.20209999999999406
-0.6445 0.0000001162

0.20309999999999395
-0.6508 0.0000001130

0.20409999999999384
-0.6571 0.0000001097

0.20509999999999373
-0.6633 0.0000001065

0.20609999999999362
-0.6694 0.0000001033

0.2070999999999935
-0.6753 0.0000001002

0.2080999999999934
-0.6812 0.0000000970

0.2090999999999933
-0.6870 0.0000000939

0.21009999999999318
-0.6926 0.0000000908

0.21109999999999307
-0.6982 0.0000000878

0.21209999999999296
-0.7036 0.0000000847

0.21309999999999285
-0.7089 0.0000000818

0.21409999999999274
-0.7142 0.0000000788

0.21509999999999263
-0.7193 0.0000000759

0.21609999999999252
-0.7243 0.0000000730

0.2170999999999924
-0.7292 0.0000000702

0.2180999999999923
-0.7340 0.0000000674

0.2190999999999922
-0.7386 0.0000000646

0.22009999999999208
-0.7432 0.0000000619

0.22109999999999197
-0.7476 0.0000000592

0.22209999999999186
-0.7520 0.0000000566

0.22309999999999175
-0.7562 0.0000000540

0.22409999999999164
-0.7603 0.0000000515

0.22509999999999153
-0.7643 0.0000000490

0.22609999999999142
-0.7681 0.0000000466

0.2270999999999913
-0.7719 0.0000000442

0.2280999999999912
-0.7756 0.0000000419

0.2290999999999911
-0.7791 0.0000000396

0.23009999999999098
-0.7825 0.0000000374

0.23109999999999087
-0.7858 0.0000000352

0.23209999999999076
-0.7890 0.0000000331

0.23309999999999065
-0.7920 0.0000000311

0.23409999999999054
-0.7950 0.0000000291

0.23509999999999043
-0.7978 0.0000000272

0.23609999999999032
-0.8005 0.0000000253

0.2370999999999902
-0.8031 0.0000000235

0.2380999999999901
-0.8056 0.0000000218

0.23909999999999
-0.8079 0.0000000201

0.24009999999998988
-0.8102 0.0000000185

0.24109999999998977
-0.8123 0.0000000170

0.24209999999998966
-0.8143 0.0000000155

0.24309999999998955
-0.8161 0.0000000141

0.24409999999998944
-0.8179 0.0000000127

0.24509999999998933
-0.8195 0.0000000114

0.24609999999998922
-0.8211 0.0000000102

