0
1.0 0.0

0.01
0.9915 0.0000322594

0.02
0.9707 0.0001647857

0.03
0.9358 0.0003629011

0.04
0.8887 0.0006487077

0.05
0.8293 0.0009635869

0.060000000000000005
0.7592 0.0013216168

0.07
0.6792 0.0016735502

0.08
0.5909 0.0020184107

0.09
0.4953 0.0023215406

0.09999999999999999
0.3941 0.0025758625

0.10999999999999999
0.2888 0.0027604423

0.11999999999999998
0.1808 0.0028702850

0.12999999999999998
0.0718 0.0028971201

0.13999999999999999
-0.0366 0.0028425900

0.15
-0.1430 0.0027096280

0.16
-0.2458 0.0025075669

0.17
-0.3438 0.0022480664

0.18000000000000002
-0.4354 0.0019465005

0.19000000000000003
-0.5196 0.0016196923

0.20000000000000004
-0.5952 0.0012857167

0.21000000000000005
-0.6613 0.0009623826

0.22000000000000006
-0.7172 0.0006665155

0.23000000000000007
-0.7620 0.0004128851

0.24000000000000007
-0.7955 0.0002135217

0.25000000000000006
-0.8172 0.0000770724

0.26000000000000006
-0.8270 0.0000084345

0.2700000000000001
-0.8249 0.0000085758

0.2800000000000001
-0.8112 0.0000745950

0.2900000000000001
-0.7862 0.0001999922

0.3000000000000001
-0.7504 0.0003751342

0.3100000000000001
-0.7045 0.0005878837

0.3200000000000001
-0.6492 0.0008243493

0.3300000000000001
-0.5856 0.0010697143

0.34000000000000014
-0.5145 0.0013090929

0.35000000000000014
-0.4372 0.0015283672

0.36000000000000015
-0.3548 0.0017149565

0.37000000000000016
-0.2685 0.0018584794

0.38000000000000017
-0.1796 0.0019512740

0.3900000000000002
-0.0895 0.0019887503

0.4000000000000002
0.0007 0.0019695610

0.4100000000000002
0.0895 0.0018955857

0.4200000000000002
0.1758 0.0017717342

0.4300000000000002
0.2585 0.0016055855

0.4400000000000002
0.3362 0.0014068880

0.45000000000000023
0.4081 0.0011869509

0.46000000000000024
0.4732 0.0009579664

0.47000000000000025
0.5307 0.0007323009

0.48000000000000026
0.5799 0.0005217967

0.49000000000000027
0.6201 0.0003371222

0.5000000000000002
0.6510 0.0001872069

0.5100000000000002
0.6722 0.0000787898

0.5200000000000002
0.6836 0.0000161025

0.5300000000000002
0.6851 0.0000007033

0.5400000000000003
0.6769 0.0000314640

0.5500000000000003
0.6593 0.0001047097

0.5600000000000003
0.6325 0.0002144958

0.5700000000000003
0.5972 0.0003530056

0.5800000000000003
0.5539 0.0005110409

0.5900000000000003
0.5034 0.0006785768

0.6000000000000003
0.4465 0.0008453468

0.6100000000000003
0.3840 0.0010014254

0.6200000000000003
0.3170 0.0011377747

0.6300000000000003
0.2464 0.0012467259

0.6400000000000003
0.1734 0.0013223710

0.6500000000000004
0.0989 0.0013608441

0.6600000000000004
0.0241 0.0013604804

0.6700000000000004
-0.0500 0.0013218477

0.6800000000000004
-0.1223 0.0012476513

0.6900000000000004
-0.1919 0.0011425221

0.7000000000000004
-0.2577 0.0010127023

0.7100000000000004
-0.3190 0.0008656504

0.7200000000000004
-0.3749 0.0007095881

0.7300000000000004
-0.4247 0.0005530178

0.7400000000000004
-0.4677 0.0004042380

0.7500000000000004
-0.5036 0.0002708836

0.7600000000000005
-0.5318 0.0001595162

0.7700000000000005
-0.5520 0.0000752866

0.7800000000000005
-0.5642 0.0000216854

0.7900000000000005
-0.5681 0.0000003941

0.8000000000000005
-0.5640 0.0000112419

0.8100000000000005
-0.5520 0.0000522667

0.8200000000000005
-0.5322 0.0001198765

0.8300000000000005
-0.5053 0.0002090957

0.8400000000000005
-0.4715 0.0003138836

0.8500000000000005
-0.4316 0.0004275028

0.8600000000000005
-0.3861 0.0005429167

0.8700000000000006
-0.3358 0.0006531921

0.8800000000000006
-0.2814 0.0007518853

0.8900000000000006
-0.2238 0.0008333892

0.9000000000000006
-0.1639 0.0008932244

0.9100000000000006
-0.1025 0.0009282582

0.9200000000000006
-0.0405 0.0009368423

0.9300000000000006
0.0212 0.0009188636

0.9400000000000006
0.0817 0.0008757067

0.9500000000000006
0.1402 0.0008101344

0.9600000000000006
0.1958 0.0007260937

0.9700000000000006
0.2479 0.0006284609

0.9800000000000006
0.2958 0.0005227424

0.9900000000000007
0.3388 0.0004147475

1.0000000000000007
0.3764 0.0003102545

1.0100000000000007
0.4081 0.0002146873

1.0200000000000007
0.4336 0.0001328212

1.0300000000000007
0.4526 0.0000685335

1.0400000000000007
0.4648 0.0000246110

1.0500000000000007
0.4704 0.0000026250

1.0600000000000007
0.4692 0.0000028768

1.0700000000000007
0.4614 0.0000244165

1.0800000000000007
0.4471 0.0000651322

1.0900000000000007
0.4267 0.0001219002

1.1000000000000008
0.4006 0.0001907892

1.1100000000000008
0.3691 0.0002673032

1.1200000000000008
0.3329 0.0003466495

1.1300000000000008
0.2924 0.0004240156

1.1400000000000008
0.2484 0.0004948398

1.1500000000000008
0.2015 0.0005550599

1.1600000000000008
0.1524 0.0006013262

1.1700000000000008
0.1019 0.0006311702

1.1800000000000008
0.0506 0.0006431172

1.1900000000000008
-0.0007 0.0006367416

1.2000000000000008
-0.0512 0.0006126605

1.2100000000000009
-0.1003 0.0005724705

1.2200000000000009
-0.1473 0.0005186297

1.2300000000000009
-0.1915 0.0004542961

1.2400000000000009
-0.2324 0.0003831303

1.2500000000000009
-0.2694 0.0003090765

1.260000000000001
-0.3020 0.0002361330

1.270000000000001
-0.3300 0.0001681265

1.280000000000001
-0.3528 0.0001085024

1.290000000000001
-0.3704 0.0000601421

1.300000000000001
-0.3824 0.0000252175

1.310000000000001
-0.3888 0.0000050892

1.320000000000001
-0.3897 0.0000002526

1.330000000000001
-0.3850 0.0000103351

1.340000000000001
-0.3749 0.0000341409

1.350000000000001
-0.3597 0.0000697415

1.360000000000001
-0.3396 0.0001146042

1.370000000000001
-0.3149 0.0001657513

1.380000000000001
-0.2862 0.0002199394

1.390000000000001
-0.2538 0.0002738491

1.400000000000001
-0.2182 0.0003242725

1.410000000000001
-0.1801 0.0003682905

1.420000000000001
-0.1400 0.0004034284

1.430000000000001
-0.0984 0.0004277813

1.440000000000001
-0.0560 0.0004401057

1.450000000000001
-0.0135 0.0004398700

1.460000000000001
0.0286 0.0004272647

1.470000000000001
0.0698 0.0004031706

1.480000000000001
0.1093 0.0003690906

1.490000000000001
0.1468 0.0003270475

1.500000000000001
0.1816 0.0002794563

1.5100000000000011
0.2134 0.0002289770

1.5200000000000011
0.2417 0.0001783592

1.5300000000000011
0.2662 0.0001302849

1.5400000000000011
0.2865 0.0000872203

1.5500000000000012
0.3025 0.0000512834

1.5600000000000012
0.3140 0.0000241351

1.5700000000000012
0.3209 0.0000068988

1.5800000000000012
0.3232 0.0000001126

1.5900000000000012
0.3208 0.0000037157

1.6000000000000012
0.3139 0.0000170685

1.6100000000000012
0.3027 0.0000390047

1.6200000000000012
0.2873 0.0000679117

1.6300000000000012
0.2681 0.0001018335

1.6400000000000012
0.2454 0.0001385900

1.6500000000000012
0.2195 0.0001759054

1.6600000000000013
0.1908 0.0002115387

1.6700000000000013
0.1599 0.0002434083

1.6800000000000013
0.1271 0.0002697042

1.6900000000000013
0.0930 0.0002889815

1.7000000000000013
0.0581 0.0003002317

1.7100000000000013
0.0229 0.0003029263

1.7200000000000013
-0.0122 0.0002970334

1.7300000000000013
-0.0466 0.0002830053

1.7400000000000013
-0.0799 0.0002617390

1.7500000000000013
-0.1116 0.0002345143

1.7600000000000013
-0.1412 0.0002029104

1.7700000000000014
-0.1684 0.0001687091

1.7800000000000014
-0.1928 0.0001337895

1.7900000000000014
-0.2142 0.0001000193

1.8000000000000014
-0.2322 0.0000691511

1.8100000000000014
-0.2467 0.0000427265

1.8200000000000014
-0.2575 0.0000219964

1.8300000000000014
-0.2644 0.0000078582

1.8400000000000014
-0.2676 0.0000008164

1.8500000000000014
-0.2669 0.0000009644

1.8600000000000014
-0.2624 0.0000079915

1.8700000000000014
-0.2543 0.0000212113

1.8800000000000014
-0.2426 0.0000396111

1.8900000000000015
-0.2277 0.0000619174

1.9000000000000015
-0.2098 0.0000866751

1.9100000000000015
-0.1892 0.0001123340

1.9200000000000015
-0.1662 0.0001373383

1.9300000000000015
-0.1412 0.0001602140

1.9400000000000015
-0.1145 0.0001796493

1.9500000000000015
-0.0865 0.0001945636

1.9600000000000015
-0.0578 0.0002041615

1.9700000000000015
-0.0286 0.0002079692

1.9800000000000015
0.0005 0.0002058524

1.9900000000000015
0.0293 0.0001980137

2.0000000000000013
0.0572 0.0001849722

2.010000000000001
0.0839 0.0001675252

2.020000000000001
0.1091 0.0001466956

2.0300000000000007
0.1323 0.0001236683

2.0400000000000005
0.1533 0.0000997194

2.0500000000000003
0.1719 0.0000761414

2.06
0.1878 0.0000541710

2.07
0.2008 0.0000349209

2.0799999999999996
0.2107 0.0000193208

2.0899999999999994
0.2175 0.0000080707

2.099999999999999
0.2212 0.0000016080

2.109999999999999
0.2217 0.0000000903

2.1199999999999988
0.2190 0.0000033944

2.1299999999999986
0.2132 0.0000111314

2.1399999999999983
0.2045 0.0000226755

2.149999999999998
0.1931 0.0000372062

2.159999999999998
0.1790 0.0000537595

2.1699999999999977
0.1627 0.0000712861

2.1799999999999975
0.1442 0.0000887127

2.1899999999999973
0.1240 0.0001050026

2.199999999999997
0.1023 0.0001192130

2.209999999999997
0.0795 0.0001305452

2.2199999999999966
0.0558 0.0001383851

2.2299999999999964
0.0317 0.0001423327

2.239999999999996
0.0075 0.0001422183

2.249999999999996
-0.0164 0.0001381057

2.259999999999996
-0.0398 0.0001302817

2.2699999999999956
-0.0623 0.0001192340

2.2799999999999954
-0.0836 0.0001056182

2.289999999999995
-0.1034 0.0000902160

2.299999999999995
-0.1215 0.0000738883

2.3099999999999947
-0.1376 0.0000575240

2.3199999999999945
-0.1515 0.0000419901

2.3299999999999943
-0.1630 0.0000280832

2.339999999999994
-0.1721 0.0000164870

2.349999999999994
-0.1787 0.0000077368

2.3599999999999937
-0.1826 0.0000021944

2.3699999999999934
-0.1838 0.0000000319

2.3799999999999932
-0.1825 0.0000012279

2.389999999999993
-0.1785 0.0000055737

2.399999999999993
-0.1721 0.0000126909

2.4099999999999926
-0.1634 0.0000220566

2.4199999999999924
-0.1524 0.0000330377

2.429999999999992
-0.1395 0.0000449286

2.439999999999992
-0.1247 0.0000569932

2.4499999999999917
-0.1084 0.0000685074

2.4599999999999915
-0.0908 0.0000787985

2.4699999999999913
-0.0722 0.0000872823

2.479999999999991
-0.0528 0.0000934929

2.489999999999991
-0.0329 0.0000971054

2.4999999999999907
-0.0129 0.0000979505

2.5099999999999905
0.0071 0.0000960193

2.5199999999999902
0.0266 0.0000914596

2.52999999999999
0.0456 0.0000845627

2.53999999999999
0.0636 0.0000757434

2.5499999999999896
0.0804 0.0000655132

2.5599999999999894
0.0959 0.0000544487

2.569999999999989
0.1098 0.0000431576

2.579999999999989
0.1219 0.0000322438

2.5899999999999888
0.1321 0.0000222734

2.5999999999999885
0.1404 0.0000137442

2.6099999999999883
0.1465 0.0000070597

2.619999999999988
0.1504 0.0000025089

2.629999999999988
0.1522 0.0000002537

2.6399999999999877
0.1518 0.0000003231

2.6499999999999875
0.1492 0.0000026154

2.6599999999999873
0.1446 0.0000069076

2.669999999999987
0.1380 0.0000128713

2.679999999999987
0.1295 0.0000200941

2.6899999999999866
0.1193 0.0000281049

2.6999999999999864
0.1076 0.0000364024

2.709999999999986
0.0945 0.0000444836

2.719999999999986
0.0802 0.0000518722

2.7299999999999858
0.0650 0.0000581447

2.7399999999999856
0.0491 0.0000629523

2.7499999999999853
0.0328 0.0000660389

2.759999999999985
0.0162 0.0000672523

2.769999999999985
-0.0004 0.0000665500

2.7799999999999847
-0.0167 0.0000639985

2.7899999999999845
-0.0326 0.0000597666

2.7999999999999843
-0.0478 0.0000541130

2.809999999999984
-0.0621 0.0000473689

2.819999999999984
-0.0753 0.0000399180

2.8299999999999836
-0.0873 0.0000321729

2.8399999999999834
-0.0978 0.0000245517

2.849999999999983
-0.1069 0.0000174540

2.859999999999983
-0.1142 0.0000112389

2.869999999999983
-0.1199 0.0000062067

2.8799999999999826
-0.1238 0.0000025828

2.8899999999999824
-0.1258 0.0000005079

2.899999999999982
-0.1261 0.0000000321

2.909999999999982
-0.1245 0.0000011147

2.9199999999999817
-0.1213 0.0000036292

2.9299999999999815
-0.1163 0.0000073725

2.9399999999999813
-0.1098 0.0000120788

2.949999999999981
-0.1018 0.0000174362

2.959999999999981
-0.0925 0.0000231050

2.9699999999999807
-0.0820 0.0000287382

2.9799999999999804
-0.0705 0.0000340008

2.9899999999999802
-0.0581 0.0000385883

2.99999999999998
-0.0451 0.0000422429

3.00999999999998
-0.0317 0.0000447668

3.0199999999999796
-0.0180 0.0000460311

3.0299999999999794
-0.0042 0.0000459818

3.039999999999979
0.0094 0.0000446401

3.049999999999979
0.0227 0.0000420995

3.0599999999999787
0.0355 0.0000385182

3.0699999999999785
0.0476 0.0000341087

3.0799999999999783
0.0589 0.0000291240

3.089999999999978
0.0692 0.0000238428

3.099999999999978
0.0783 0.0000185524

3.1099999999999777
0.0862 0.0000135331

3.1199999999999775
0.0928 0.0000090422

3.1299999999999772
0.0979 0.0000053002

3.139999999999977
0.1016 0.0000024800

3.149999999999977
0.1038 0.0000006979

3.1599999999999766
0.1046 0.0000000090

3.1699999999999764
0.1038 0.0000004056

3.179999999999976
0.1015 0.0000018200

3.189999999999976
0.0979 0.0000041291

3.1999999999999758
0.0929 0.0000071636

3.2099999999999755
0.0867 0.0000107183

3.2199999999999753
0.0793 0.0000145650

3.229999999999975
0.0709 0.0000184657

3.239999999999975
0.0616 0.0000221862

3.2499999999999747
0.0516 0.0000255094

3.2599999999999745
0.0410 0.0000282465

3.2699999999999743
0.0300 0.0000302473

3.279999999999974
0.0187 0.0000314072

3.289999999999974
0.0073 0.0000316720

3.2999999999999736
-0.0041 0.0000310392

3.3099999999999734
-0.0152 0.0000295572

3.319999999999973
-0.0260 0.0000273205

3.329999999999973
-0.0362 0.0000244635

3.3399999999999728
-0.0458 0.0000211520

3.3499999999999726
-0.0546 0.0000175725

3.3599999999999723
-0.0625 0.0000139217

3.369999999999972
-0.0694 0.0000103946

3.379999999999972
-0.0752 0.0000071742

3.3899999999999717
-0.0799 0.0000044212

3.3999999999999715
-0.0833 0.0000022657

3.4099999999999713
-0.0856 0.0000008009

3.419999999999971
-0.0866 0.0000000788

3.429999999999971
-0.0863 0.0000001082

3.4399999999999706
-0.0849 0.0000008559

3.4499999999999704
-0.0822 0.0000022494

3.45999999999997
-0.0785 0.0000041824

3.46999999999997
-0.0736 0.0000065211

3.47999999999997
-0.0678 0.0000091131

3.4899999999999696
-0.0611 0.0000117963

3.4999999999999694
-0.0537 0.0000144081

3.509999999999969
-0.0456 0.0000167945

3.519999999999969
-0.0369 0.0000188189

3.5299999999999687
-0.0279 0.0000203686

3.5399999999999685
-0.0186 0.0000213612

3.5499999999999683
-0.0092 0.0000217477

3.559999999999968
0.0003 0.0000215149

3.569999999999968
0.0096 0.0000206844

3.5799999999999677
0.0186 0.0000193112

3.5899999999999674
0.0272 0.0000174792

3.5999999999999672
0.0354 0.0000152957

3.609999999999967
0.0429 0.0000128848

3.619999999999967
0.0497 0.0000103801

3.6299999999999666
0.0557 0.0000079166

3.6399999999999664
0.0608 0.0000056236

3.649999999999966
0.0650 0.0000036171

3.659999999999966
0.0682 0.0000019938

3.6699999999999657
0.0704 0.0000008265

3.6799999999999655
0.0716 0.0000001604

3.6899999999999653
0.0717 0.0000000114

3.699999999999965
0.0708 0.0000003660

3.709999999999965
0.0690 0.0000011832

3.7199999999999647
0.0661 0.0000023970

3.7299999999999645
0.0624 0.0000039213

3.7399999999999642
0.0579 0.0000056551

3.749999999999964
0.0526 0.0000074886

3.759999999999964
0.0466 0.0000093096

3.7699999999999636
0.0400 0.0000110097

3.7799999999999634
0.0330 0.0000124907

3.789999999999963
0.0256 0.0000136693

3.799999999999963
0.0180 0.0000144818

3.8099999999999627
0.0102 0.0000148867

3.8199999999999625
0.0024 0.0000148667

3.8299999999999623
-0.0054 0.0000144290

3.839999999999962
-0.0130 0.0000136041

3.849999999999962
-0.0202 0.0000124432

3.8599999999999617
-0.0271 0.0000110151

3.8699999999999615
-0.0335 0.0000094020

3.8799999999999613
-0.0394 0.0000076937

3.889999999999961
-0.0446 0.0000059834

3.899999999999961
-0.0491 0.0000043616

3.9099999999999606
-0.0528 0.0000029113

3.9199999999999604
-0.0557 0.0000017039

3.92999999999996
-0.0578 0.0000007949

3.93999999999996
-0.0591 0.0000002219

3.9499999999999598
-0.0595 0.0000000025

3.9599999999999596
-0.0590 0.0000001340

3.9699999999999593
-0.0577 0.0000005943

3.979999999999959
-0.0557 0.0000013434

3.989999999999959
-0.0528 0.0000023266

3.9999999999999587
-0.0493 0.0000034773

4.009999999999959
-0.0451 0.0000047217

4.019999999999959
-0.0403 0.0000059828

4.0299999999999585
-0.0350 0.0000071850

4.039999999999958
-0.0293 0.0000082581

4.049999999999958
-0.0233 0.0000091411

4.059999999999958
-0.0170 0.0000097857

4.069999999999958
-0.0106 0.0000101581

4.079999999999957
-0.0041 0.0000102410

4.089999999999957
0.0024 0.0000100337

4.099999999999957
0.0087 0.0000095520

4.109999999999957
0.0148 0.0000088266

4.119999999999957
0.0206 0.0000079012

4.129999999999956
0.0261 0.0000068292

4.139999999999956
0.0311 0.0000056713

4.149999999999956
0.0356 0.0000044908

4.159999999999956
0.0395 0.0000033509

4.1699999999999555
0.0428 0.0000023107

4.179999999999955
0.0454 0.0000014222

4.189999999999955
0.0474 0.0000007271

4.199999999999955
0.0487 0.0000002557

4.209999999999955
0.0492 0.0000000244

4.2199999999999545
0.0491 0.0000000362

4.229999999999954
0.0483 0.0000002801

4.239999999999954
0.0468 0.0000007325

4.249999999999954
0.0446 0.0000013590

4.259999999999954
0.0419 0.0000021163

4.269999999999953
0.0386 0.0000029550

4.279999999999953
0.0348 0.0000038226

4.289999999999953
0.0305 0.0000046667

4.299999999999953
0.0259 0.0000054375

4.3099999999999525
0.0210 0.0000060908

4.319999999999952
0.0158 0.0000065904

4.329999999999952
0.0105 0.0000069095

4.339999999999952
0.0052 0.0000070327

4.349999999999952
-0.0002 0.0000069555

4.3599999999999515
-0.0055 0.0000066852

4.369999999999951
-0.0106 0.0000062396

4.379999999999951
-0.0155 0.0000056460

4.389999999999951
-0.0201 0.0000049390

4.399999999999951
-0.0244 0.0000041590

4.40999999999995
-0.0283 0.0000033489

4.41999999999995
-0.0317 0.0000025527

4.42999999999995
-0.0346 0.0000018119

4.43999999999995
-0.0370 0.0000011641

4.4499999999999496
-0.0388 0.0000006405

4.459999999999949
-0.0400 0.0000002645

4.469999999999949
-0.0407 0.0000000506

4.479999999999949
-0.0408 0.0000000040

4.489999999999949
-0.0403 0.0000001202

4.4999999999999485
-0.0392 0.0000003857

4.509999999999948
-0.0376 0.0000007793

4.519999999999948
-0.0355 0.0000012730

4.529999999999948
-0.0329 0.0000018341

4.539999999999948
-0.0299 0.0000024272

4.549999999999947
-0.0265 0.0000030158

4.559999999999947
-0.0228 0.0000035650

4.569999999999947
-0.0188 0.0000040431

4.579999999999947
-0.0146 0.0000044232

4.589999999999947
-0.0102 0.0000046847

4.599999999999946
-0.0058 0.0000048144

4.609999999999946
-0.0013 0.0000048067

4.619999999999946
0.0031 0.0000046639

4.629999999999946
0.0074 0.0000043960

4.6399999999999455
0.0115 0.0000040197

4.649999999999945
0.0155 0.0000035572

4.659999999999945
0.0191 0.0000030352

4.669999999999945
0.0224 0.0000024826

4.679999999999945
0.0254 0.0000019297

4.689999999999944
0.0279 0.0000014057

4.699999999999944
0.0300 0.0000009374

4.709999999999944
0.0317 0.0000005477

4.719999999999944
0.0329 0.0000002548

4.729999999999944
0.0336 0.0000000706

4.739999999999943
0.0338 0.0000000007

4.749999999999943
0.0336 0.0000000442

4.759999999999943
0.0328 0.0000001940

4.769999999999943
0.0317 0.0000004371

4.7799999999999425
0.0300 0.0000007556

4.789999999999942
0.0280 0.0000011281

4.799999999999942
0.0256 0.0000015307

4.809999999999942
0.0229 0.0000019384

4.819999999999942
0.0199 0.0000023269

4.8299999999999415
0.0167 0.0000026734

4.839999999999941
0.0132 0.0000029583

4.849999999999941
0.0097 0.0000031659

4.859999999999941
0.0060 0.0000032855

4.869999999999941
0.0023 0.0000033114

4.87999999999994
-0.0014 0.0000032435

4.88999999999994
-0.0050 0.0000030869

4.89999999999994
-0.0084 0.0000028517

4.90999999999994
-0.0118 0.0000025519

4.9199999999999395
-0.0148 0.0000022049

4.929999999999939
-0.0177 0.0000018303

4.939999999999939
-0.0202 0.0000014486

4.949999999999939
-0.0225 0.0000010802

4.959999999999939
-0.0243 0.0000007443

4.9699999999999385
-0.0259 0.0000004575

4.979999999999938
-0.0270 0.0000002333

4.989999999999938
-0.0277 0.0000000816

4.999999999999938
-0.0280 0.0000000076

5.009999999999938
-0.0279 0.0000000121

