0
6.95 3.6 353.73
21.56 16.05 244.41
12.64 2.47 21.95
12.82 17.7 327.77
11.56 12.36 117.29
17.43 12.43 163.01
23.8 12.53 226.14
13.55 7.1 21.82
23.92 11.29 322.84
20.23 10.54 346.69
1.85 1.46 339.06
13.3 2.9 269.05
23.42 7.28 12.38
21.85 0.12 242.78
13.85 22.87 207.44
24.14 9.91 177.61
14.19 7.2 239.88
9.83 8.64 226.78
4.83 7.67 11.26
6.33 16.54 232.82
3.88 2.49 94.1
13.49 21.27 19.89
1.08 19.11 209.13
6.97 14.7 229.18
17.28 5.57 348.77
4.43 4.1 89.64
23.44 19.24 43.32
8.13 13.13 19.49
24.18 15.11 152.13
3.69 16.14 87.84
4.29 0.75 113.86
15.91 17.57 303.88
4.16 21.69 13.45
10.07 2.26 9.7
7.75 4.41 197.87
6.19 4.02 248.78
9.36 1.16 71.38
6.73 7.69 181.96
23.91 18.07 87.25
12.21 7.5 151.01
4.14 17.16 165.3
19.04 6.11 327.93
20.21 8.24 294.23
18.49 2.46 331.83
2.22 15.08 314.01
9.15 11.12 283.85
2.11 1.0 316.37
11.16 15.77 138.45
4.05 10.23 245.21
4.91 15.95 248.82
14.83 0.55 195.86
6.42 10.21 329.65
1.64 8.49 313.39
23.08 2.58 64.79
9.05 14.76 247.42
14.09 18.92 333.3
21.64 1.88 201.73
12.62 2.13 164.42
23.85 3.17 115.17
9.44 9.95 93.81
1.51 17.38 130.93
10.19 11.8 137.31
4.65 0.35 125.62
5.79 19.27 188.54
10.95 10.6 210.86
22.96 16.56 37.76
1.42 6.42 180.98
9.79 5.12 303.89
3.98 6.69 277.11
24.57 11.59 217.94
16.34 3.71 235.09
14.71 11.45 79.82
19.99 21.85 56.22
1.66 20.25 262.21
24.54 4.65 240.47
11.43 22.0 196.81
7.98 18.82 154.46
16.35 4.79 168.01
22.31 2.23 67.21
4.4 13.18 211.55
24.55 23.08 212.94
12.5 11.13 198.19
22.5 21.23 228.88
2.0 5.06 126.27
8.1 24.38 287.25
21.34 21.15 334.82
4.51 22.33 69.23
8.39 23.74 234.47
22.64 10.39 191.72
18.85 7.26 275.29
11.38 5.22 307.79
12.68 17.09 242.09
3.14 3.63 204.8
16.87 21.06 257.35
0.39 22.42 128.7
18.88 12.45 185.32
13.52 12.63 160.11
13.94 17.19 190.86
17.64 22.36 329.16
14.87 0.06 134.6
