0
4.14 5.01 300.09
2.01 5.48 146.09
6.57 1.39 346.39
0.17 6.68 204.67
5.34 2.05 312.59
2.64 4.38 266.95
2.88 0.02 242.06
2.77 2.65 99.93
1.31 3.94 212.19
2.09 0.73 102.06
5.3 6.23 287.04
0.31 1.13 133.05
3.85 1.32 172.11
5.43 2.15 215.35
3.27 1.05 253.43
2.25 6.38 74.71
1.3 0.87 313.74
6.06 5.29 324.91
2.37 4.47 200.05
5.49 0.37 211.64
4.34 0.85 130.11
6.36 4.46 66.92
4.08 6.48 111.33
2.02 1.12 257.06
3.61 6.33 197.19
3.7 5.43 63.0
5.89 4.39 231.03
3.3 0.95 21.12
6.89 0.15 83.13
2.13 0.45 135.74
3.8 2.48 39.76
4.08 0.5 44.67
3.98 6.24 208.93
2.25 0.04 191.05
1.23 5.7 158.41
4.37 0.21 287.52
6.6 0.26 183.45
5.94 3.51 168.07
1.54 6.62 328.77
3.88 4.46 317.75
4.71 6.83 101.81
1.63 0.09 306.33
6.4 6.36 210.26
1.34 0.4 200.26
3.37 0.52 338.06
1.24 5.7 347.75
1.87 1.66 119.34
6.12 5.05 319.16
5.99 6.39 100.16
2.24 2.9 106.58
2.42 1.42 248.51
5.61 4.4 74.05
1.75 0.54 5.94
6.2 4.97 35.68
2.7 2.67 18.33
0.04 6.92 183.88
4.26 3.62 165.84
3.28 4.28 142.99
5.82 5.08 172.07
4.55 5.54 169.89
1.84 4.05 151.45
3.92 1.73 270.67
1.53 4.07 31.09
0.47 0.04 71.33
2.51 2.78 22.48
3.24 3.14 23.51
3.94 0.11 201.16
3.58 0.38 306.55
5.93 1.25 6.69
1.17 5.22 253.47
4.02 5.33 267.96
0.18 0.5 235.15
1.11 3.13 239.3
6.89 1.15 182.69
4.74 2.93 350.26
2.43 0.54 119.4
0.23 5.59 288.25
4.48 1.38 331.82
6.39 3.3 40.44
3.16 0.81 48.44
3.55 0.75 170.24
6.44 0.51 126.56
0.64 5.84 157.07
3.85 3.73 2.59
6.91 5.14 185.3
5.02 3.02 189.73
6.76 7.0 206.57
6.84 5.98 200.08
2.19 0.82 124.21
3.91 4.52 141.01
3.9 2.7 112.78
1.67 5.72 223.99
0.88 1.77 26.75
0.13 5.41 289.5
0.97 1.56 69.72
0.45 1.84 57.98
4.96 5.09 304.79
3.49 5.88 236.39
2.69 5.99 19.15
0.95 2.55 173.55
