20.0
100
1.0
5.0
1.0
0.25 1
0.25 1
0.25 1
0.25 1
0.25 1
0.25 1
0.25 1
0.25 1
0.25 1
0.25 1
0.25 1
0.25 1
0.25 1
0.25 1
0.25 1
0.25 1
0.25 1
0.25 1
0.25 1
0.25 1
0.25 1
0.25 1
0.25 1
0.25 1
0.25 1
0.25 1
0.25 1
0.25 1
0.25 1
0.25 1
0.25 1
0.25 1
0.25 1
0.25 1
0.25 1
0.25 1
0.25 1
0.25 1
0.25 1
0.25 1
0.25 1
0.25 1
0.25 1
0.25 1
0.25 1
0.25 1
0.25 1
0.25 1
0.25 1
0.25 1
0.25 1
0.25 1
0.25 1
0.25 1
0.25 1
0.25 1
0.25 1
0.25 1
0.25 1
0.25 1
0.25 1
0.25 1
0.25 1
0.25 1
0.25 1
0.25 1
0.25 1
0.25 1
0.25 1
0.25 1
0.25 1
0.25 1
0.25 1
0.25 1
0.25 1
0.25 1
0.25 1
0.25 1
0.25 1
0.25 1
0.25 1
0.25 1
0.25 1
0.25 1
0.25 1
0.25 1
0.25 1
0.25 1
0.25 1
0.25 1
0.25 1
0.25 1
0.25 1
0.25 1
0.25 1
0.25 1
0.25 1
0.25 1
0.25 1
0.25 1