0.0 0.0

0.19980000000000003 0.2426

0.333 0.4044

0.4662 0.5661

0.5994 0.7278

0.7326 0.8896

0.8658 1.0513

0.999 1.2131

1.1322 1.3748

1.2654 1.4557

1.3986 1.4557

1.5318 1.4557

1.665 1.4557

1.7982 1.4557

1.9314 1.4557

2.0646 1.4557

2.1978000000000004 1.4557

2.331000000000001 1.4557

2.4642000000000013 1.4557

2.5974000000000017 1.4557

2.730600000000002 1.4557

2.8638000000000026 1.4557

2.997000000000003 1.4557

3.1302000000000034 1.4557

3.263400000000004 1.4557

3.3966000000000043 1.4557

3.5298000000000047 1.4557

3.663000000000005 1.4557

3.7962000000000056 1.4557

3.929400000000006 1.4557

4.062600000000006 1.4557

4.195800000000006 1.4557

4.329000000000007 1.4557

4.462200000000007 1.4557

4.595400000000008 1.4557

4.728600000000008 1.4557

4.861800000000009 1.4557

4.995000000000009 1.4557

5.128200000000009 1.4557

5.26140000000001 1.4557

5.39460000000001 1.4557

5.527800000000011 1.4557

5.661000000000011 1.4557

5.794200000000012 1.4557

5.927400000000012 1.4557

6.060600000000012 1.4557

6.193800000000013 1.4557

6.327000000000013 1.4557

6.460200000000014 1.4557

6.593400000000014 1.4557

6.726600000000015 1.4557

6.859800000000015 1.4557

6.993000000000015 1.4557

7.126200000000016 1.4557

7.259400000000016 1.4557

7.392600000000017 1.4557

7.525800000000017 1.4557

7.659000000000018 1.4557

7.792200000000018 1.4557

7.925400000000018 1.4557

8.058600000000018 1.4557

8.191800000000017 1.4557

8.325000000000015 1.4557

8.458200000000014 1.4557

8.591400000000013 1.4557

8.724600000000011 1.4557

8.85780000000001 1.4557

8.991000000000009 1.4557

9.124200000000007 1.4557

9.257400000000006 1.4557

9.390600000000004 1.4557

9.523800000000003 1.4557

9.657000000000002 1.4557

9.7902 1.4557

9.923399999999999 1.4557

10.056599999999998 1.4557

10.189799999999996 1.4557

10.322999999999995 1.4557

10.456199999999994 1.4557

10.589399999999992 1.4557

10.722599999999991 1.4557

10.85579999999999 1.4557

10.988999999999988 1.4557

11.122199999999987 1.4557

11.255399999999986 1.4557

11.388599999999984 1.4557

11.521799999999983 1.4557

11.654999999999982 1.4557

11.78819999999998 1.4557

11.921399999999979 1.4557

12.054599999999978 1.4557

12.187799999999976 1.4557

12.320999999999975 1.4557

12.454199999999974 1.4557

12.587399999999972 1.4557

12.72059999999997 1.4557

12.85379999999997 1.4557

12.986999999999968 1.4557

13.120199999999967 1.4557

13.253399999999965 1.4557

13.386599999999964 1.4557

13.519799999999963 1.4557

13.652999999999961 1.4557

13.78619999999996 1.4557

13.919399999999959 1.4557

14.052599999999957 1.4557

14.185799999999956 1.4557

14.318999999999955 1.4557

14.452199999999953 1.4557

14.585399999999952 1.4557

14.71859999999995 1.4557

14.85179999999995 1.4557

14.984999999999948 1.4557

15.118199999999947 1.4557

15.251399999999945 1.3991

15.384599999999944 1.3425

15.517799999999943 1.2859

15.650999999999941 1.2292

15.78419999999994 1.1726

15.917399999999938 1.1160

16.05059999999994 1.0594

16.18379999999994 1.0028

16.316999999999943 0.9462

16.450199999999946 0.8896

16.583399999999948 0.8330

16.71659999999995 0.7764

16.849799999999952 0.7198

16.982999999999954 0.6631

17.116199999999957 0.6065

17.24939999999996 0.5499

17.38259999999996 0.6025

17.515799999999963 0.7642

17.648999999999965 0.9260

17.782199999999968 1.0877

17.91539999999997 1.2495

18.048599999999972 1.4112

18.181799999999974 1.4921

18.314999999999976 1.4921

18.44819999999998 1.4921

18.58139999999998 1.4921

18.714599999999983 1.4921

18.847799999999985 1.4921

18.980999999999987 1.4921

19.11419999999999 1.4921

19.247399999999992 1.4921

19.380599999999994 1.4921

19.513799999999996 1.4921

19.647 1.4921

19.7802 1.4921

19.913400000000003 1.4921

20.046600000000005 1.4921

20.179800000000007 1.4921

20.31300000000001 1.4921

20.44620000000001 1.4921

20.579400000000014 1.4921

20.712600000000016 1.4921

20.84580000000002 1.4921

20.97900000000002 1.4921

21.112200000000023 1.4921

21.245400000000025 1.4921

21.378600000000027 1.4921

21.51180000000003 1.4921

21.64500000000003 1.4921

21.778200000000034 1.4921

21.911400000000036 1.4921

22.044600000000038 1.4921

22.17780000000004 1.4921

22.311000000000043 1.4921

22.444200000000045 1.4921

22.577400000000047 1.4921

22.71060000000005 1.4921

22.84380000000005 1.4921

22.977000000000054 1.4921

23.110200000000056 1.4921

23.243400000000058 1.4921

23.37660000000006 1.4921

23.509800000000062 1.4921

23.643000000000065 1.4921

23.776200000000067 1.4921

23.90940000000007 1.4921

24.04260000000007 1.4921

24.175800000000073 1.4921

24.309000000000076 1.4921

24.442200000000078 1.4921

24.57540000000008 1.4921

24.708600000000082 1.4921

24.841800000000084 1.4921

24.975000000000087 1.4921

25.10820000000009 1.4921

25.24140000000009 1.4921

25.374600000000093 1.4921

25.507800000000096 1.4921

25.641000000000098 1.4638

25.7742000000001 1.4072

25.907400000000102 1.3506

26.040600000000104 1.2939

26.173800000000107 1.2373

26.30700000000011 1.1807

26.44020000000011 1.1241

26.573400000000113 1.0675

26.706600000000115 1.0109

26.839800000000118 0.9543

26.97300000000012 0.8977

27.106200000000122 0.8411

27.239400000000124 0.7845

27.372600000000126 0.7278

27.50580000000013 0.6712

27.63900000000013 0.6146

27.772200000000133 0.7764

27.905400000000135 0.9381

28.038600000000137 1.0999

28.17180000000014 1.2616

28.305000000000142 1.4233

28.438200000000144 1.5042

28.571400000000146 1.5042

28.70460000000015 1.5042

28.83780000000015 1.5042

28.971000000000153 1.5042

29.104200000000155 1.5042

29.237400000000157 1.5042

29.37060000000016 1.5042

29.50380000000016 1.5042

29.637000000000164 1.5042

29.770200000000166 1.5042

29.90340000000017 1.5042

30.03660000000017 1.5042

30.169800000000173 1.5042

30.303000000000175 1.5042

30.436200000000177 1.5042

30.56940000000018 1.5042

30.70260000000018 1.5042

30.835800000000184 1.4759

30.969000000000186 1.4193

31.102200000000188 1.3627

31.23540000000019 1.3061

31.368600000000193 1.2495

31.501800000000195 1.1929

31.635000000000197 1.1362

31.7682000000002 1.0796

31.9014000000002 1.0230

32.034600000000204 0.9664

32.167800000000206 0.9098

32.30100000000021 0.8532

32.43420000000021 0.7966

32.56740000000021 0.7400

32.700600000000215 0.6834

32.83380000000022 0.7359

32.96700000000022 0.8977

33.10020000000022 1.0594

33.23340000000022 1.2212

33.366600000000226 1.3829

33.49980000000023 1.4638

33.63300000000023 1.4638

33.76620000000023 1.4638

33.899400000000234 1.4638

34.03260000000024 1.4638

34.16580000000024 1.4638

34.29900000000024 1.4638

34.43220000000024 1.4638

34.565400000000245 1.4638

34.69860000000025 1.4638

34.83180000000025 1.4638

34.96500000000025 1.4638

35.098200000000254 1.4638

35.23140000000026 1.4638

35.36460000000026 1.4638

35.49780000000026 1.4638

35.63100000000026 1.4638

35.764200000000265 1.4638

35.89740000000027 1.4638

36.03060000000027 1.4638

36.16380000000027 1.4638

36.297000000000274 1.4638

36.430200000000276 1.4638

36.56340000000028 1.4638

36.69660000000028 1.4638

36.82980000000028 1.4638

36.963000000000285 1.4638

37.09620000000029 1.4638

37.22940000000029 1.4638

37.36260000000029 1.4638

37.495800000000294 1.4638

37.629000000000296 1.4638

37.7622000000003 1.4638

37.8954000000003 1.4638

38.0286000000003 1.4638

38.161800000000305 1.4638

38.29500000000031 1.4638

38.42820000000031 1.4638

38.56140000000031 1.4638

38.694600000000314 1.4638

38.827800000000316 1.4638

38.96100000000032 1.4638

39.09420000000032 1.4638

39.22740000000032 1.4638

39.360600000000325 1.4638

39.49380000000033 1.4638

39.62700000000033 1.4638

39.76020000000033 1.4638

39.893400000000334 1.4638

40.026600000000336 1.4638

40.15980000000034 1.4638

40.29300000000034 1.4638

40.42620000000034 1.4638

40.559400000000345 1.4638

40.69260000000035 1.4638

40.82580000000035 1.4638

40.95900000000035 1.4638

41.092200000000354 1.4638

41.225400000000356 1.4638

41.35860000000036 1.4638

41.49180000000036 1.4355

41.62500000000036 1.3789

41.758200000000365 1.3222

41.89140000000037 1.2656

42.02460000000037 1.2090

42.15780000000037 1.1524

42.29100000000037 1.0958

42.424200000000376 1.0392

42.55740000000038 0.9826

42.69060000000038 0.9260

42.82380000000038 0.8694

42.957000000000384 0.8128

43.09020000000039 0.7561

43.22340000000039 0.6995

43.35660000000039 0.6429

43.48980000000039 0.5863

43.623000000000395 0.5580

