4000
5.77 14.01 69.01
4.20 14.97 69.01
4.67 12.92 69.01
3.80 11.75 69.01
6.36 12.86 69.01
6.10 11.25 69.01
6.36 13.41 69.01
4.64 11.32 69.01
7.02 13.80 69.01
6.07 15.79 69.01
5.76 14.08 69.01
6.13 14.09 69.01
5.53 14.13 69.01
6.50 14.67 69.01
4.46 14.52 69.01
4.89 12.37 69.01
6.47 15.11 69.01
5.87 13.01 69.01
5.22 11.43 69.01
4.34 11.02 69.01
4.90 14.49 69.01
5.04 11.06 69.01
5.13 14.36 69.01
6.57 0.11 69.01
5.83 14.14 69.01
6.81 14.65 69.01
6.45 14.15 69.01
5.66 12.21 69.01
5.38 13.22 69.01
5.49 11.63 69.01
6.38 14.03 69.01
5.42 13.96 69.01
4.89 14.33 69.01
4.49 10.92 69.01
5.86 12.38 69.01
4.17 10.37 69.01
5.61 12.12 69.01
6.11 13.86 69.01
5.12 13.57 69.01
6.51 14.10 69.01
