0
9.49 11.27 87.75
5.01 12.23 111.96
8.9 5.3 108.14
12.17 6.88 129.77
9.34 6.4 178.43
1.64 7.7 304.69
1.26 0.82 166.44
11.31 11.03 124.12
4.59 2.5 144.99
8.8 4.75 202.58
4.85 5.47 101.38
3.12 3.24 115.98
3.15 4.8 335.9
4.2 1.87 54.69
10.15 3.99 146.6
12.26 0.29 311.49
6.54 5.46 39.21
12.24 8.13 30.39
10.25 8.52 215.5
6.47 1.4 265.9
2.75 11.89 110.66
7.65 2.27 326.13
3.75 11.99 313.0
6.64 1.68 221.55
10.64 6.47 322.93
4.44 3.83 290.11
9.17 3.0 210.43
5.36 11.73 176.61
10.59 7.3 40.47
0.47 1.45 135.6
10.36 10.1 353.9
11.85 5.61 324.72
9.69 8.34 146.11
3.76 0.88 3.74
3.13 4.1 21.45
1.8 8.11 166.79
10.1 11.7 258.09
12.11 4.52 232.96
12.35 6.37 229.92
8.7 11.71 214.7
