7
100
1.0
2
1.0
0.25 1
0.25 1
0.25 1
0.25 1
0.25 1
0.25 1
0.25 1
0.25 1
0.25 1
0.25 1
0.25 1
0.25 1
0.25 1
0.25 1
0.25 1
0.25 1
0.25 1
0.25 1
0.25 1
0.25 1
0.25 1
0.25 1
0.25 1
0.25 1
0.25 1
0.25 1
0.25 1
0.25 1
0.25 1
0.25 1
0.25 1
0.25 1
0.25 1
0.25 1
0.25 1
0.25 1
0.25 1
0.25 1
0.25 1
0.25 1
0.25 1
0.25 1
0.25 1
0.25 1
0.25 1
0.25 1
0.25 1
0.25 1
0.25 1
0.25 1
0.25 1
0.25 1
0.25 1
0.25 1
0.25 1
0.25 1
0.25 1
0.25 1
0.25 1
0.25 1
0.25 1
0.25 1
0.25 1
0.25 1
0.25 1
0.25 1
0.25 1
0.25 1
0.25 1
0.25 1
0.25 1
0.25 1
0.25 1
0.25 1
0.25 1
0.25 1
0.25 1
0.25 1
0.25 1
0.25 1
0.25 1
0.25 1
0.25 1
0.25 1
0.25 1
0.25 1
0.25 1
0.25 1
0.25 1
0.25 1
0.25 1
0.25 1
0.25 1
0.25 1
0.25 1
0.25 1
0.25 1
0.25 1
0.25 1
0.25 1