
L = 0.05
0.3252 0.2222 0.0000
0.3869 0.1762 0.0000
0.4954 0.2772 0.0000
0.5197 1.1951 0.0000
0.5364 0.1720 0.0000
0.6599 0.1651 0.0000
0.6602 0.1032 0.0000
0.6654 0.2221 0.0000
0.6921 0.1235 0.0000
0.7169 0.1634 0.0000
0.7389 0.1563 0.0000
0.7786 0.0909 0.0000
0.8189 0.2547 0.0000
0.8213 0.1748 0.0000
0.8746 0.0856 0.0000
0.9532 0.0149 0.0103
0.9850 0.1565 0.0000
1.0103 0.2211 0.0000
1.0321 0.2407 0.0000
1.1497 0.0961 0.0000
1.2451 0.3795 0.0000
1.3059 0.2083 0.0000
1.3234 0.2347 0.0000
1.3713 0.1036 0.0000
1.4221 0.2465 0.0000
1.4792 0.2073 0.0000
1.4955 0.2540 0.0000
1.5081 0.0788 0.0000
1.5149 0.1104 0.0000
1.5468 0.1701 0.0000
1.5535 0.3588 0.0000
1.5540 0.3826 0.0000
1.5828 0.2632 0.0000
1.5915 0.1541 0.0000
1.5944 0.1930 0.0000
1.7094 0.0653 0.0000
1.7178 0.1273 0.0000
1.7474 0.1988 0.0000
1.7475 0.1339 0.0000
1.7951 0.1902 0.0000
1.8425 0.3999 0.0000
2.0120 0.9532 0.0000
2.0345 0.0720 0.0000
2.0606 0.1169 0.0000
2.0641 0.0719 0.0000
2.1272 0.1536 0.0000
2.1296 0.3015 0.0000
2.1312 0.1609 0.0000
2.1437 0.0902 0.0000
2.1532 0.3010 0.0000
2.1769 0.0857 0.0000
2.1785 0.1878 0.0000
2.1923 0.5865 0.0000
2.2326 0.1753 0.0000
2.2327 0.2497 0.0000
2.3689 0.3779 0.0000
2.4044 0.1064 0.0000
2.4210 0.1963 0.0000
2.4446 0.1309 0.0000
2.4447 0.3884 0.0000
2.5086 0.2148 0.0000
2.5469 0.2368 0.0000
2.5682 0.3139 0.0000
2.5820 1.0456 0.0000
2.6002 0.0732 0.0000
2.6046 0.2364 0.0000
2.6358 0.2368 0.0000
2.6604 0.0868 0.0000
2.7269 0.0285 0.0000
2.7553 0.4520 0.0000
2.8336 1.1305 0.0000
2.8399 0.1787 0.0000
2.8485 0.1485 0.0000
2.8811 0.1346 0.0000
3.0113 0.0693 0.0000
3.0229 0.1311 0.0000
3.0409 0.1882 0.0000
3.1814 0.3466 0.0000
3.1999 0.0000 0.2738
3.2390 0.3313 0.0000
3.2473 0.5011 0.0000
3.2497 0.0000 0.2325
3.2723 0.1087 0.0000
3.2765 0.1611 0.0000
3.2897 0.1218 0.0000
3.3214 0.2214 0.0000
3.3244 0.3923 0.0000
3.3815 0.0000 0.2805
3.4127 0.1250 0.0000
3.4309 0.0900 0.0000
3.4734 0.2841 0.0000
3.4995 0.0641 0.0000
3.5835 0.1509 0.0000
3.5847 0.7980 0.0000
3.6415 0.0807 0.0000
3.6740 0.2103 0.0000
3.7376 0.0000 0.1833
3.7551 0.0000 0.0381
3.7639 0.2364 0.0000
3.8279 2.8116 0.0000
3.8985 0.0019 0.0104
3.9076 0.0970 0.0000
3.9112 0.1321 0.0000
4.0331 0.1696 0.0000
4.0585 0.2337 0.0000
4.0661 0.2205 0.0000
4.0880 0.2127 0.0000
4.1171 0.0239 0.0000
4.1310 0.1814 0.0000
4.1461 0.3267 0.0000
4.1554 0.8211 0.0000
4.2664 0.2728 0.0000
4.2722 0.9046 0.0000
4.2891 0.3639 0.0000
4.3023 0.1997 0.0000
4.3057 0.3978 0.0000
4.3371 0.2321 0.0000
4.3443 0.3181 0.0000
4.3552 0.2346 0.0000
4.3597 0.2701 0.0000
4.4186 0.1960 0.0000
4.4591 0.0424 0.0000
4.4762 0.3428 0.0000
4.4868 0.1986 0.0000
4.4883 0.2114 0.0000
4.5263 0.0797 0.0000
4.5319 0.0964 0.0000
4.5488 0.4067 0.0000
4.5599 0.0592 0.0000
4.5858 0.2025 0.0000
4.6553 0.3344 0.0000
4.7015 0.2060 0.0000
4.7965 0.2274 0.0000
4.8005 0.2177 0.0000
4.8074 0.0643 0.0000
4.8474 0.2021 0.0000
4.8859 0.1739 0.0000
4.9274 0.1479 0.0000
4.9311 1.8845 0.0000
4.9341 0.1988 0.0000
4.9462 0.1552 0.0000
4.9701 0.4940 0.0000
4.9754 0.0539 0.0000
5.0377 0.1434 0.0000
5.1189 0.2033 0.0000
5.1527 0.1257 0.0000
5.2239 0.3444 0.0000
5.3112 0.0872 0.0000
5.3745 0.9131 0.0000
5.5175 0.2178 0.0000
5.5254 0.1569 0.0000
5.5344 0.4266 0.0000
5.5747 0.3622 0.0000
5.5864 0.1775 0.0000
5.5904 0.0599 0.0000
5.6141 0.0000 0.1175
5.6160 0.1797 0.0000
5.6747 0.0000 0.1066
5.7643 0.1142 0.0000
5.7789 0.3603 0.0000
5.7910 0.3382 0.0000
5.8002 0.0113 0.0118
5.8306 0.2970 0.0000
5.9032 0.0000 0.0885
5.9348 0.3791 0.0000
5.9722 0.1050 0.0000
5.9765 0.1955 0.0000
6.0505 0.1676 0.0000
6.0663 0.1561 0.0000
6.1219 0.2091 0.0000
6.2501 0.1956 0.0000
6.2780 0.3332 0.0000
6.3451 0.6345 0.0000
6.3626 0.0889 0.0000
6.3778 0.0971 0.0000
6.3875 0.1264 0.0000
6.3926 0.6571 0.0000
6.3939 0.8155 0.0000
6.3966 0.1971 0.0000
6.4314 0.0460 0.0000
6.5043 0.2699 0.0000
6.5212 0.1518 0.0000
6.5223 0.2475 0.0000
6.6342 0.1912 0.0000
6.6344 0.2498 0.0000
6.6896 0.1131 0.0000
6.7346 1.0336 0.0000
6.7959 0.7568 0.0000
6.7985 0.0000 0.1696
6.8000 0.1382 0.0000
6.8380 0.0000 0.8667
6.8495 0.0832 0.0000
6.8623 0.1313 0.0000
6.8818 0.1229 0.0000
6.9278 0.2272 0.0000
6.9361 0.0000 0.5964
6.9647 0.0558 0.0000
6.9862 0.2137 0.0000
7.0058 0.0000 0.7834
7.0974 0.1952 0.0000
7.1711 0.0469 0.0000
7.2045 0.1757 0.0000
7.2048 0.1197 0.0000
7.2177 0.1867 0.0000
7.2486 0.0738 0.0000
7.2903 0.0000 0.2641
7.3262 0.1065 0.0000
7.3406 0.0000 0.6332
7.3595 0.0919 0.0000
7.4055 0.2099 0.0000
7.4700 1.0147 0.0000
7.5140 0.5707 0.0000
7.5339 0.1237 0.0000
7.5807 0.1028 0.0000
7.6476 0.1540 0.0000
7.6574 1.2082 0.0000
7.6672 0.0522 0.0000
7.7525 0.0000 0.1257
7.8176 0.0000 0.6484
7.8268 0.0989 0.0000
7.8860 0.0000 0.2753
7.9236 0.1420 0.0000
8.0433 0.1299 0.0000
8.0682 0.3199 0.0000
8.1096 0.2621 0.0000
8.1198 0.1988 0.0000
8.1599 0.0000 0.1541
8.1876 0.3899 0.0000
8.1932 0.3147 0.0000
8.3009 0.2170 0.0000
8.3477 0.0813 0.0000
8.3671 0.0000 0.1957
8.4190 0.0000 0.0796
8.5407 0.3421 0.0000
8.5719 0.0000 0.0465
8.6151 0.9520 0.0000
8.6157 0.1736 0.0000
8.6198 0.2216 0.0000
8.7540 0.2082 0.0000
8.7693 0.0694 0.0000
8.8084 0.1064 0.0000
8.8121 0.2060 0.0000
8.8189 0.4595 0.0000
8.8271 0.0574 0.0000
8.8391 0.2653 0.0000
8.8620 0.1421 0.0000
8.8855 0.0000 0.1765
8.9240 0.0000 0.3236
8.9307 1.1032 0.0000
9.0102 0.0298 0.0000
9.0136 0.8595 0.0000
9.0152 0.3105 0.0000
9.0302 0.1115 0.0000
9.0720 0.0000 0.5435
9.1003 0.0000 0.1822
9.1527 0.1461 0.0000
9.1547 0.2469 0.0000
9.1693 0.0552 0.0000
9.2365 0.1177 0.0000
9.2427 0.0000 0.6973
9.2983 0.1300 0.0000
9.3219 0.0000 0.5006
9.4014 0.1463 0.0000
9.4534 0.0000 0.1663
9.4623 0.3448 0.0000
9.4639 0.1622 0.0000
9.5745 1.4414 0.0000
9.6292 0.0305 0.0000
9.7009 0.1407 0.0000
9.7047 1.7274 0.0000
9.7408 0.0000 0.0648
9.7829 0.2046 0.0000
9.7860 0.1211 0.0000
9.7991 0.0000 0.3354
9.8174 0.0000 0.3898
9.8208 0.1536 0.0000
9.8280 0.0547 0.0000
9.8731 0.0000 0.1563
9.8764 0.1296 0.0000
9.8861 0.2835 0.0000
9.9331 0.0654 0.0000
9.9447 0.0000 0.3749
10.0829 0.0000 0.1054
10.0874 0.0000 0.2594
10.0941 0.2048 0.0000
10.1050 0.1523 0.0000
10.1195 0.0738 0.0000
10.1684 0.2208 0.0000
10.1809 1.7607 0.0000
10.2089 0.1462 0.0000
10.2131 0.0576 0.0000
10.2254 0.8608 0.0000
10.2286 0.2749 0.0000
10.2432 0.0000 0.3383
10.3620 0.2902 0.0000
10.3853 0.0000 0.0722
10.4002 0.1302 0.0000
10.4023 0.0000 0.2637
10.4108 0.0000 0.0593
10.4126 0.1026 0.0000
10.4773 0.0000 0.3860
10.4981 0.0000 0.7837
10.5238 0.0000 0.1277
10.5424 0.2346 0.0000
10.5731 0.1627 0.0000
10.5843 0.0675 0.0000
10.5877 0.2417 0.0000
10.6612 0.3214 0.0000
10.6918 0.1153 0.0000
10.7375 0.2474 0.0000
10.7477 0.5986 0.0000
10.7639 0.1162 0.0000
10.8295 1.6006 0.0000
10.8461 0.2040 0.0000
10.8720 0.0000 0.0876
10.8895 0.0753 0.0000
10.9039 0.1534 0.0000
10.9130 1.5260 0.0000
10.9223 0.2278 0.0000
10.9229 0.0000 0.2165
10.9245 0.0000 0.2653
10.9843 0.0000 0.1367
11.0089 0.0000 0.1611
11.0568 0.0000 0.8196
11.1258 0.0000 0.3477
11.2317 0.1807 0.0000
11.3403 0.2045 0.0000
11.3568 0.2872 0.0000
11.3790 0.2117 0.0000
11.4075 0.0000 0.1873
11.4684 0.2119 0.0000
11.5034 0.0561 0.0000
11.5602 0.0728 0.0000
11.5801 0.0000 0.7247
11.5959 0.0000 0.1427
11.6502 0.0630 0.0000
11.6844 0.0000 0.0399
11.6847 0.0000 0.4120
11.7551 0.0000 0.2193
11.7651 1.6790 0.0000
11.7670 0.0000 0.4853
11.8184 0.0000 0.2604
11.8234 0.0000 0.7261
11.8804 0.0000 0.3831
11.8976 0.3026 0.0000
11.9718 0.1966 0.0000
11.9830 0.0000 0.3160
11.9924 0.0000 0.2923
11.9934 0.0000 0.1485
12.0822 0.0625 0.0000
12.0995 1.0362 0.0000
12.1363 0.0000 0.1422
12.1433 0.1266 0.0000
12.1788 0.0000 0.1214
12.1944 0.0000 0.1871
12.1987 0.2396 0.0000
12.2089 0.1184 0.0000
12.2334 1.0973 0.0000
12.3043 0.1235 0.0000
12.3361 0.2094 0.0000
12.3377 0.0551 0.0000
12.4197 0.0000 0.3888
12.4939 0.0516 0.0000
12.5115 0.0794 0.0000
12.5181 0.1951 0.0000
12.5244 0.2731 0.0000
12.5442 0.0000 0.0655
12.5618 0.0000 0.7010
12.6048 0.1802 0.0000
12.6194 0.4085 0.0000
12.6222 0.0000 0.0877
12.6243 0.0953 0.0000
12.6545 0.1840 0.0000
12.6694 0.1931 0.0000
12.6804 0.0000 0.1761
12.7134 0.0568 0.0000
12.7537 0.0000 0.6893
12.8838 0.0000 0.1444
12.9335 0.0837 0.0000
12.9348 0.0000 0.4236
12.9556 0.1436 0.0000
12.9675 0.0000 0.1742
13.0642 0.0659 0.0000
13.0865 0.0562 0.0000
13.0872 0.1246 0.0000
13.1167 0.0000 0.4588
13.1184 0.0000 0.2070
13.1305 0.2794 0.0000
13.2109 0.7355 0.0000
13.2277 0.0000 0.7675
13.2455 0.0000 0.1679
13.3132 0.0000 0.3139
13.3173 0.1679 0.0000
13.3306 0.0000 0.2569
13.3770 0.0000 0.1286
13.4109 0.0000 0.9370
13.4198 0.0000 0.5138
13.4956 0.0000 0.3034
13.5163 0.0000 0.4761
13.5397 0.1538 0.0000
13.5453 0.0000 0.1932
13.5500 0.0000 0.5915
13.7553 0.0000 0.2100
13.7789 0.0466 0.0000
13.8073 0.0980 0.0000
13.8268 0.2549 0.0000
13.8302 0.1895 0.0000
13.8551 0.0000 0.2207
13.8730 0.2420 0.0000
13.9995 0.1618 0.0000
14.0213 0.0000 0.2901
14.1452 0.0393 0.0000
14.1566 0.2343 0.0000
14.2089 0.0000 0.4881
14.2941 0.1725 0.0000
14.3058 0.0000 0.0510
14.3914 0.0000 0.3301
14.3927 0.0000 0.7231
14.3937 0.0000 0.0779
14.4569 0.0000 0.2098
14.4754 0.1248 0.0000
14.5362 0.0000 0.4803
14.5956 0.6047 0.0000
14.6198 0.1998 0.0000
14.6224 0.2362 0.0000
14.6260 0.1575 0.0000
14.6569 0.2348 0.0000
14.7945 0.1570 0.0000
14.8268 0.1424 0.0000
14.8337 0.0000 0.4746
14.8677 0.1903 0.0000
14.8817 0.0000 0.0785
14.9510 0.2865 0.0000
14.9570 0.0000 0.3357
14.9629 0.0000 0.1452
14.9742 1.0007 0.0000
15.0208 0.2920 0.0000
15.0296 0.0000 0.6481
15.1159 0.0000 0.5073
15.1314 0.1661 0.0000
15.1373 0.1227 0.0000
15.2092 0.0000 0.2854
15.2120 0.0000 0.2324
15.2148 0.0929 0.0000
15.2252 0.0000 0.5903
15.2443 0.0000 0.3152
15.2982 0.1410 0.0000
15.3210 0.0000 0.3683
15.3620 0.8541 0.0000
15.3673 0.0000 0.3191
15.4269 0.2499 0.0000
15.4474 0.1391 0.0000
15.4614 0.0000 0.2123
15.4950 0.0842 0.0000
15.5340 0.2323 0.0000
15.5618 0.0000 0.1818
15.5788 0.0000 0.5647
15.5983 0.0000 0.2268
15.6260 0.0815 0.0000
15.6643 0.0000 0.2323
15.7154 0.0000 0.1376
15.7482 0.3009 0.0000
15.7509 1.5752 0.0000
15.9308 0.0000 0.1356
15.9405 0.1079 0.0000
15.9839 0.0000 0.2223
16.0038 0.1127 0.0000
16.0170 0.0000 0.2043
16.0267 0.0000 0.2456
16.0472 0.0667 0.0000
16.0719 0.0526 0.0000
16.0928 0.1805 0.0000
16.1363 0.0000 0.4707
16.1616 0.3959 0.0000
16.2240 0.1510 0.0000
16.2329 0.0000 0.2873
16.2611 0.0645 0.0000
16.2820 0.0000 0.2918
16.2859 0.0000 0.0939
16.2989 0.0000 0.1269
16.3234 0.0000 0.6826
16.3723 0.4099 0.0000
16.3782 0.0000 0.0669
16.4990 0.0250 0.0000
16.5305 0.4298 0.0000
16.5375 0.0000 0.4224
16.5542 0.0000 0.1207
16.5563 0.2431 0.0000
16.6009 0.0000 0.3867
16.6059 0.1732 0.0000
16.6180 0.0000 0.3604
16.6484 0.0000 0.1892
16.6744 0.0230 0.0000
16.7011 0.0150 -0.0028
16.7887 0.1008 0.0000
16.7996 0.0000 0.2432
16.8186 0.1758 0.0000
16.8202 0.0899 0.0000
16.8428 0.0125 0.0158
16.8573 0.0000 0.3775
16.8793 0.1128 0.0000
16.9170 0.0000 0.3103
16.9622 0.0000 0.3283
16.9750 0.0000 0.1016
16.9753 0.3855 0.0000
17.0133 1.1943 0.0000
17.0170 0.0000 0.6348
17.0193 0.1004 0.0000
17.0465 0.1878 0.0000
17.0559 0.2204 0.0000
17.0819 0.0000 0.1128
17.1965 0.1946 0.0000
17.2660 0.0000 0.2886
17.2787 0.0000 0.2364
17.2829 0.0000 0.3346
17.3381 0.0000 0.0569
17.3390 0.3764 0.0000
17.3401 0.0356 0.0000
17.4076 0.0172 0.0000
17.4341 0.0000 0.3291
17.4756 0.0000 0.2912
17.4820 0.0000 0.2246
17.4943 0.0759 0.0000
17.4948 0.1473 0.0000
17.5247 0.0000 0.1008
17.5812 0.0000 0.2064
17.6394 0.0000 0.4061
17.6400 0.1096 0.0000
17.6432 0.2338 0.0000
17.6733 0.0000 0.0557
17.7946 0.0979 0.0000
17.8805 0.0000 0.2406
17.8851 0.0000 0.2442
17.9268 0.0153 0.0000
17.9462 0.1161 0.0000
17.9660 1.0069 0.0000
17.9978 0.0598 0.0000
18.0256 0.0000 0.0446
18.0334 0.0525 0.0000
18.0747 0.0000 0.7529
18.0918 0.0000 0.2022
18.1053 0.0000 0.1503
18.1367 0.3144 0.0000
18.1474 0.0000 0.5054
18.2031 0.0000 0.3259
18.2714 0.6322 0.0000
18.2930 0.1309 0.0000
18.3261 0.2442 0.0000
18.3281 0.0000 0.5009
18.3569 0.0793 0.0000
18.3750 0.3000 0.0000
18.4084 0.0000 1.0353
18.4192 0.0000 0.3931
18.5119 0.1183 0.0000
18.5128 0.2865 0.0000
18.5132 0.1243 0.0000
18.5282 0.0000 0.2371
18.5450 0.0608 0.0000
18.6072 0.0000 0.2107
18.6163 0.2442 0.0000
18.6616 0.0034 -0.0037
18.6642 0.0000 0.2045
18.6771 0.1775 0.0000
18.7126 0.0000 0.2283
18.7497 0.5368 0.0000
18.8144 0.0000 0.1592
18.8506 0.2001 0.0000
18.8556 0.0689 0.0000
18.9397 0.0978 0.0000
19.0769 0.0000 0.6651
19.1500 0.0000 0.0796
19.1528 0.1906 0.0000
19.1618 0.0000 0.1680
19.1680 0.2052 0.0000
19.1901 0.2968 0.0000
19.2344 0.0656 0.0000
19.2529 0.2037 0.0000
19.3396 0.1845 0.0000
19.3684 0.0339 0.0000
19.3790 0.0000 0.3484
19.4152 0.0000 0.2446
19.4192 0.0000 0.2584
19.4422 0.0000 0.3817
19.4705 0.1939 0.0000
19.4756 0.0000 0.4014
19.5047 0.0000 0.2070
19.5656 0.0000 0.2239
19.6265 0.1813 0.0000
19.7195 0.0000 0.1666
19.7243 0.0000 0.2177
19.7764 0.0000 0.7558
19.8413 0.0421 0.0000
19.8629 0.0000 0.3687
19.8630 0.0000 0.1208
19.8874 0.1856 0.0000
19.8910 0.0000 0.2122
20.0699 0.2199 0.0000
20.1259 0.1850 0.0000
20.1425 0.0000 0.1302
20.1513 0.1153 0.0000
20.1899 0.1710 0.0000
20.1936 0.1475 0.0000
20.2380 0.0000 0.0629
20.2906 0.0945 0.0000
20.3274 0.2384 0.0000
20.3580 0.8238 0.0000
20.4290 0.0000 0.2027
20.4455 0.0000 0.0816
20.4476 0.0000 0.2004
20.4576 0.4486 0.0000
20.4816 0.2073 0.0000
20.5178 0.0973 0.0000
20.5389 0.0000 0.4681
20.6443 0.0000 0.0502
20.6544 0.1844 0.0000
20.6603 0.2701 0.0000
20.6677 0.4994 0.0000
20.7565 0.0000 0.2415
20.7617 0.3809 0.0000
20.7883 0.4314 0.0000
20.7953 0.0000 0.3980
20.8063 0.0000 0.4144
20.8918 0.0000 0.1170
20.8937 0.7444 0.0000
20.9076 0.0837 0.0000
20.9251 0.0000 0.2495
20.9625 0.2163 0.0000
20.9777 0.9355 0.0000
20.9862 0.2117 0.0000
21.0008 0.3141 0.0000
21.0053 0.0836 0.0000
21.0512 0.2132 0.0000
21.0700 0.2537 0.0000
21.1260 0.1234 0.0000
21.2017 0.0000 0.1002
21.2426 0.1238 0.0000
21.2702 0.1502 0.0000
21.2706 0.0000 0.2760
21.3337 0.1543 0.0000
21.3431 0.2035 0.0000
21.3737 0.2342 0.0000
21.3749 0.0000 0.7009
21.3774 0.0990 0.0000
21.3960 0.7099 0.0000
21.4007 0.3167 0.0000
21.4099 0.0000 0.2511
21.4562 0.4225 0.0000
21.4683 0.1887 0.0000
21.4694 0.2997 0.0000
21.5168 0.1002 0.0000
21.6012 0.1714 0.0000
21.6263 0.0000 0.2154
21.6352 0.1619 0.0000
21.6739 0.1486 0.0000
21.6825 0.2271 0.0000
21.6919 0.0000 0.7796
21.7014 0.0000 0.4033
21.7475 0.0000 0.4700
21.7720 0.0000 0.1433
21.8853 0.0000 0.0974
21.8855 0.2589 0.0000
21.8892 0.0000 0.3079
21.9113 0.0000 0.1528
21.9747 0.2653 0.0000
22.0096 0.0000 0.2372
22.0778 0.3515 0.0000
22.1315 0.2369 0.0000
22.1729 0.0000 0.0584
22.1779 0.1875 0.0000
22.1876 0.0000 0.1883
22.2095 0.0000 0.5932
22.2107 0.1458 0.0000
22.2233 0.3502 0.0000
22.2458 0.1888 0.0000
22.2623 0.1616 0.0000
22.3333 0.0000 0.2168
22.3723 0.0000 0.1147
22.3980 0.0000 0.2653
22.4908 0.0765 0.0000
22.4924 0.1809 0.0000
22.5807 0.1320 0.0000
22.6424 0.2088 0.0000
22.6440 0.0455 0.0000
22.6616 0.1180 0.0000
22.6872 0.1004 0.0000
22.7399 0.0000 0.5025
22.7476 0.0000 0.2727
22.7597 0.2602 0.0000
22.7920 0.3786 0.0000
22.8191 1.5402 0.0000
22.8478 0.0000 0.3735
22.8546 0.0000 0.1139
22.8709 0.2089 0.0000
22.8792 0.0876 0.0000
22.8963 0.0000 0.0658
22.9258 0.1292 0.0000
22.9517 0.1380 0.0000
22.9856 0.0000 0.1650
22.9947 0.1504 0.0000
22.9963 0.0000 0.3290
22.9996 0.0000 0.2829
23.0100 0.0000 0.0919
23.0291 0.0000 0.1929
23.0343 0.0000 0.4700
23.0811 0.2465 0.0000
23.1500 0.1192 0.0000
23.1676 0.1781 0.0000
23.2072 0.0000 0.5210
23.2288 0.0000 0.1509
23.2311 0.0710 0.0000
23.2684 0.1012 0.0000
23.3534 0.1830 0.0000
23.3616 0.9107 0.0000
23.3782 0.0000 0.6113
23.3821 0.0670 0.0000
23.3917 0.2924 0.0000
23.4111 0.0877 0.0000
23.4235 0.0000 0.1895
23.4362 0.0000 0.0394
23.4384 0.0000 0.0855
23.4963 0.1279 0.0000
23.5213 0.1019 0.0000
23.5264 0.1545 0.0000
23.6213 0.0000 0.1316
23.6325 0.2838 0.0000
23.6513 0.0480 0.0000
23.7125 0.3224 0.0000
23.8516 0.0000 0.3195
23.8754 0.0000 0.3103
23.8835 0.0970 0.0000
23.8928 0.0000 0.1597
23.9225 1.0496 0.0000
23.9229 0.3746 0.0000
23.9350 0.1312 0.0000
23.9693 0.0000 0.4704
23.9697 0.0000 0.4884
24.0632 0.0524 0.0000
24.0736 0.2319 0.0000
24.1546 0.0000 0.1682
24.1886 0.0860 0.0000
24.2342 0.0000 0.4179
24.2386 0.0885 0.0000
24.2706 0.0000 0.0923
24.2928 0.1332 0.0000
24.3475 0.2553 0.0000
24.3597 0.0000 0.3335
24.3657 0.0298 0.0000
24.3903 0.0000 0.1065
24.4087 0.1813 0.0000
24.4287 0.0323 0.0000
24.4825 0.1070 0.0000
24.4951 0.0000 0.0998
24.6804 0.0897 0.0000
24.8008 0.3588 0.0000
24.8029 0.4128 0.0000
24.8116 0.2426 0.0000
24.8667 0.2557 0.0000
24.9357 0.1574 0.0000
24.9380 0.2688 0.0000
25.0102 0.0382 0.0000
25.0146 0.0000 0.3005
25.0192 0.0000 0.1729
25.0204 0.0000 0.4116
25.0506 0.1176 0.0000
25.1576 0.0000 0.2160
25.1704 0.0000 0.4117
25.1775 0.0000 0.2169
25.2218 0.0000 0.2817
25.2323 0.2692 0.0000
25.3058 0.0000 0.2630
25.3145 0.0000 0.0579
25.3379 0.1437 0.0000
25.3448 0.1846 0.0000
25.4040 0.0000 0.3529
25.4886 0.0971 0.0000
25.5209 0.0000 0.2969
25.5890 0.1045 0.0000
25.6334 0.3725 0.0000
25.6424 0.0906 0.0000
25.6585 0.0476 0.0000
25.7063 0.0000 0.3088
25.7153 0.0000 0.3475
25.7177 1.0948 0.0000
25.7358 0.1224 0.0000
25.7366 0.0469 0.0000
25.8013 0.9459 0.0000
25.9024 0.2024 0.0000
25.9601 0.1467 0.0000
26.0935 0.2234 0.0000
26.1392 0.5039 0.0000
26.1436 0.1215 0.0000
26.1478 0.1316 0.0000
26.3026 0.1071 0.0000
26.4302 0.0000 0.0607
26.4361 0.9952 0.0000
26.4685 0.2201 0.0000
26.4790 0.2165 0.0000
26.4998 0.0663 0.0000
26.5389 0.2538 0.0000
26.5566 0.1852 0.0000
26.5656 0.0000 0.4024
26.5721 0.1210 0.0000
26.6430 0.1376 0.0000
26.7116 0.0000 0.1510
26.7201 0.2688 0.0000
26.7703 0.6510 0.0000
26.8057 0.0518 0.0000
26.8178 0.1070 0.0000
26.8403 0.1195 0.0000
26.8440 0.0000 0.2630
26.8686 1.0562 0.0000
26.8742 0.0000 0.1901
26.8832 0.0633 0.0000
26.8858 0.2279 0.0000
26.9122 0.1081 0.0000
26.9363 0.0000 0.0456
26.9365 0.0000 0.0989
26.9470 0.2585 0.0000
26.9904 0.3080 0.0000
27.0155 0.2201 0.0000
27.0589 0.1430 0.0000
27.0752 0.3876 0.0000
27.0910 0.1013 0.0000
27.0931 0.0000 0.2613
27.1242 0.4230 0.0000
27.1333 0.0892 0.0000
27.1337 0.0854 0.0000
27.1390 0.1477 0.0000
27.1589 0.5587 0.0000
27.1603 0.3752 0.0000
27.1650 0.0000 0.2449
27.2196 0.0000 0.3705
27.2686 0.2158 0.0000
27.2801 0.0000 0.3361
27.2942 1.3957 0.0000
27.3282 0.2571 0.0000
27.3413 0.2227 0.0000
27.3500 0.2094 0.0000
27.3563 0.0000 0.0641
27.3622 0.2976 0.0000
27.4050 0.0000 0.0874
27.5407 0.0000 0.5051
27.5718 0.2562 0.0000
27.5759 0.1912 0.0000
27.6256 0.2523 0.0000
27.6485 0.7925 0.0000
27.7170 0.1597 0.0000
27.7216 0.1598 0.0000
27.7398 0.0140 0.0000
27.7855 0.0000 0.1409
27.7993 0.1718 0.0000
27.8702 0.4373 0.0000
27.8708 0.1513 0.0000
27.9256 0.0000 0.3675
27.9391 0.3797 0.0000
27.9456 0.0000 0.2907
27.9531 0.0000 0.0708
27.9651 0.2960 0.0000
28.0828 0.2038 0.0000
28.1019 0.1700 0.0000
28.1033 0.8580 0.0000
28.1529 0.3157 0.0000
28.1553 0.1655 0.0000
28.1554 0.3053 0.0000
28.1682 0.0000 0.4594
28.1913 0.0000 0.2832
28.2153 0.0140 0.0000
28.2625 0.4885 0.0000
28.2817 0.1679 0.0000
28.2858 0.1966 0.0000
28.2891 0.3365 0.0000
28.3525 0.2497 0.0000
28.3536 0.0000 0.3489
28.3602 0.0000 0.2522
28.4833 0.0000 0.2440
28.4973 0.0743 0.0000
28.5323 0.2733 0.0000
28.6174 0.0000 0.0629
28.6188 0.2391 0.0000
28.6549 0.1166 0.0000
28.6811 0.4005 0.0000
28.6882 0.2022 0.0000
28.8100 0.0000 0.8631
28.8663 0.0408 0.0000
28.8702 0.2550 0.0000
28.9300 0.0000 0.2817
28.9915 0.0803 0.0000
29.0353 0.0030 0.0072
29.1201 0.0000 0.2637
29.1512 0.0000 0.3643
29.1724 0.4137 0.0000
29.1763 0.0000 0.5480
29.1863 0.2828 0.0000
29.2092 0.0000 0.2628
29.2123 0.0582 0.0000
29.3934 0.3756 0.0000
29.4503 0.0887 0.0000
29.4790 0.0000 0.2765
29.5244 0.0780 0.0000
29.5903 0.0829 0.0000
29.6065 0.3586 0.0000
29.6604 0.1752 0.0000
29.7088 0.1197 0.0000
29.7233 0.1158 0.0000
29.7359 0.0000 0.5144
29.7428 0.0387 0.0000
29.8221 0.1928 0.0000
29.8301 0.1703 0.0000
29.8780 0.9677 0.0000
29.8880 0.5390 0.0000
29.8988 0.3461 0.0000
29.8989 0.1704 0.0000
29.9458 0.1919 0.0000
29.9626 0.1824 0.0000
29.9680 0.0000 0.1908
30.0350 0.3025 0.0000
30.0473 0.1488 0.0000
30.1392 0.0000 0.4198
30.2014 0.2280 0.0000
30.2103 0.0000 0.0723
30.3333 0.0946 0.0000
30.3364 0.2743 0.0000
30.3630 0.2915 0.0000
30.4551 0.0000 0.4218
30.5748 0.0000 0.1900
30.6347 0.2984 0.0000
30.6944 0.0000 0.2731
30.6968 0.0952 0.0000
30.7236 0.1196 0.0000
30.7579 0.0000 0.1438
30.7855 0.4769 0.0000
30.8051 0.0000 0.3129
30.8234 0.0914 0.0000
30.8921 0.0000 0.0950
30.8923 0.8376 0.0000
30.9051 0.1601 0.0000
30.9706 0.0000 0.5644
30.9943 0.0000 0.1593
31.0499 0.1368 0.0000
31.0883 0.0000 0.1849
31.1390 0.1095 0.0000
31.1553 0.0508 0.0000
31.2235 0.0000 0.3856
31.2436 0.1553 0.0000
31.2455 0.2169 0.0000
31.2750 0.1260 0.0000
31.3137 0.0000 0.1519
31.3480 0.0802 0.0000
31.4532 0.1326 0.0000
31.5614 0.3429 0.0000
31.5765 0.1292 0.0000
31.6303 0.0939 0.0000
31.6332 0.1425 0.0000
31.7110 1.3090 0.0000
31.7442 0.1690 0.0000
31.7602 0.0000 0.2758
31.8020 0.2900 0.0000
31.8134 0.0655 0.0000
31.8418 0.0000 0.1706
31.8425 0.0000 0.0716
31.8538 0.2591 0.0000
31.8715 0.2146 0.0000
31.8834 0.0000 0.2368
31.9028 0.2418 0.0000
31.9356 0.0000 0.1626
31.9601 0.0000 0.1605
31.9624 0.0006 0.0344
32.0150 0.0767 0.0000
32.0428 0.1625 0.0000
32.1549 0.3572 0.0000
32.1983 0.1928 0.0000
32.2085 0.0000 0.3308
32.2125 0.2547 0.0000
32.3033 0.1597 0.0000
32.3688 0.0000 0.0802
32.3871 0.1517 0.0000
32.3885 0.2708 0.0000
32.4056 1.2900 0.0000
32.4400 0.3216 0.0000
32.4418 0.2732 0.0000
32.4540 0.2833 0.0000
32.4764 0.0000 0.3300
32.4885 0.1649 0.0000
32.4930 0.0000 0.1847
32.5211 0.2257 0.0000
32.5313 0.2367 0.0000
32.5775 0.1188 0.0000
32.5798 0.1950 0.0000
32.5915 0.1095 0.0000
32.5978 0.1736 0.0000
32.6175 0.0000 0.3088
32.6365 0.2686 0.0000
32.6657 0.0000 0.6020
32.6714 0.0000 0.1715
32.6824 0.2174 0.0000
32.7184 0.0000 0.1534
32.7523 0.0630 0.0000
32.7876 0.1556 0.0000
32.7983 0.0730 0.0000
32.8075 0.0783 0.0000
32.8552 1.3574 0.0000
32.8794 0.1205 0.0000
32.8798 0.2450 0.0000
32.8931 0.0733 0.0000
32.9026 0.1640 0.0000
32.9459 0.4685 0.0000
32.9518 0.2344 0.0000
32.9782 0.0000 0.3212
32.9887 0.1799 0.0000
33.0306 0.2038 0.0000
33.0353 0.0000 0.1375
33.0716 0.3467 0.0000
33.0741 1.1698 0.0000
33.0770 0.2287 0.0000
33.0961 0.0000 0.6900
33.1828 0.1669 0.0000
33.2039 0.3022 0.0000
33.2186 0.1883 0.0000
33.2193 0.0000 0.0753
33.2277 0.5539 0.0000
33.2353 0.0000 0.0613
33.2969 0.1717 0.0000
33.3174 0.1705 0.0000
33.3190 0.0000 0.2765
33.3349 0.0000 0.1207
33.3905 0.1476 0.0000
33.3944 0.0000 0.1715
33.4263 0.1152 0.0000
33.5281 0.0664 0.0000
33.5429 0.0714 0.0000
33.5685 0.1439 0.0000
33.5761 0.0000 0.0110
33.5768 0.1894 0.0000
33.6086 0.0989 0.0000
33.6120 0.3406 0.0000
33.6131 0.4935 0.0000
33.6246 0.2497 0.0000
33.6398 0.0000 0.0253
33.6862 0.5384 0.0000
33.7608 0.0941 0.0000
33.7949 0.7923 0.0000
33.8622 0.0000 0.3062
33.9033 0.1638 0.0000
33.9656 0.3160 0.0000
34.0869 0.3694 0.0000
34.1446 0.0000 0.1834
34.2286 0.0000 0.4976
34.2608 0.1243 0.0000
34.2653 0.0000 0.7161
34.3087 0.0000 0.1685
34.3441 0.9850 0.0000
34.3554 0.4197 0.0000
34.3670 0.1921 0.0000
34.3743 0.3330 0.0000
34.4063 0.1127 0.0000
34.4193 0.0000 0.2010
34.4499 0.1599 0.0000
34.4894 0.0000 0.1173
34.5213 0.0000 0.4353
34.5293 0.4423 0.0000
34.5421 0.3288 0.0000
34.6148 1.6110 0.0000
34.6396 0.0000 0.0642
34.6580 0.2184 0.0000
34.6657 0.0000 0.2380
34.6844 0.0937 0.0000
34.7598 0.0000 0.2886
34.7706 0.1828 0.0000
34.8173 0.0184 0.0000
34.8491 0.0000 0.0847
34.8756 0.4440 0.0000
34.8840 0.0982 0.0000
34.8958 0.0000 0.3653
34.9108 0.6583 0.0000
34.9362 0.2705 0.0000
34.9787 0.0000 0.2663
35.0619 0.1136 0.0000
35.0775 0.0000 0.3428
35.2855 0.0000 0.0329
35.3550 0.0000 0.4042
35.3642 0.0000 0.1363
35.3755 0.0000 0.5025
35.3827 0.2092 0.0000
35.4096 0.2105 0.0000
35.4617 0.0845 0.0000
35.4677 0.2949 0.0000
35.5038 0.0000 0.1988
35.5288 0.0000 0.4976
35.5350 0.2340 0.0000
35.5383 0.0894 0.0000
35.5896 0.0000 0.1883
35.6431 0.2965 0.0000
35.6989 0.1713 0.0000
35.7500 0.0000 0.1658
35.7886 0.0000 0.4687
35.7972 0.1694 0.0000
35.8124 0.0233 0.0000
35.9536 0.0801 0.0000
35.9789 0.0000 0.0387
36.1159 0.0000 0.2668
36.1370 0.0000 0.5644
36.1995 0.0556 0.0000
36.2552 0.1985 0.0000
36.2580 0.0000 0.2330
36.2768 0.0248 0.0000
36.2911 0.3153 0.0000
36.2927 0.2613 0.0000
36.3263 0.2654 0.0000
36.3365 0.3394 0.0000
36.3583 0.0000 0.1249
36.3859 0.1314 0.0000
36.3932 0.0000 0.3258
36.4051 0.0000 0.1243
36.4451 0.0000 0.3234
36.4926 0.2685 0.0000
36.5665 0.3678 0.0000
36.6400 0.0000 0.1535
36.7282 0.0000 0.5314
36.7598 0.0655 0.0000
36.7867 0.3770 0.0000
36.8298 0.0000 0.1246
36.8689 0.2932 0.0000
36.9269 0.0000 0.1821
36.9482 0.0000 1.0254
37.0073 0.3854 0.0000
37.0129 0.0000 0.1465
37.0648 0.0801 0.0000
37.0732 0.0000 0.1000
37.1772 0.0954 0.0000
37.2551 0.2019 0.0000
37.2578 0.0000 0.2455
37.2674 0.0000 0.3049
37.3597 0.1218 0.0000
37.4259 0.0000 0.2105
37.5247 0.6791 0.0000
37.5251 0.1803 0.0000
37.5696 1.6953 0.0000
37.6418 0.2418 0.0000
37.6558 0.0000 0.4490
37.6703 0.5911 0.0000
37.6796 0.0000 0.0993
37.6921 0.0000 0.6334
37.7484 0.0000 0.2478
37.7837 0.0000 0.0202
37.8081 0.0000 0.4417
37.8140 0.0762 0.0000
37.8208 0.1683 0.0000
37.8399 0.1328 0.0000
37.8605 0.3128 0.0000
37.8676 0.0000 0.0943
37.8727 0.0342 0.0000
37.8790 0.2081 0.0000
37.8827 0.0096 -0.0129
37.9143 0.0000 0.1569
37.9808 0.1866 0.0000
37.9932 0.0000 0.3385
38.0055 0.0000 0.2005
38.0223 0.1449 0.0000
38.0419 0.0000 0.1950
38.0933 0.7554 0.0000
38.0996 0.1771 0.0000
38.1073 0.0640 0.0000
38.1220 0.0000 0.2986
38.1247 0.0000 0.0558
38.1271 0.8069 0.0000
38.1492 0.2107 0.0000
38.1552 0.2060 0.0000
38.1597 0.0923 0.0000
38.1882 0.2139 0.0000
38.2115 0.2006 0.0000
38.2238 0.2822 0.0000
38.2849 0.0000 0.3715
38.2922 0.0025 0.0238
38.3358 0.2961 0.0000
38.4279 0.0000 0.1434
38.5090 0.0000 0.1186
38.5360 0.0000 0.0336
38.5562 0.1258 0.0000
38.5586 0.0000 0.5358
38.5887 0.0903 0.0000
38.6026 0.1184 0.0000
38.6389 0.4245 0.0000
38.6966 0.3509 0.0000
38.7292 0.1528 0.0000
38.7452 0.0230 0.0000
38.7812 0.0000 0.2251
38.8343 0.2224 0.0000
38.8367 0.0000 0.1966
38.8576 0.0000 0.1127
38.8592 0.0000 0.0755
38.8670 0.0000 0.1369
38.8801 1.1006 0.0000
38.8833 0.0000 0.2407
38.9101 0.2268 0.0000
38.9324 0.0000 0.0461
38.9564 0.3024 0.0000
38.9933 0.5598 0.0000
39.0434 0.2477 0.0000
39.0726 0.1530 0.0000
39.1034 0.0000 0.5161
39.1240 0.0000 0.1092
39.1372 0.1035 0.0000
39.2254 0.0000 0.3290
39.2639 1.1586 0.0000
39.3183 0.6003 0.0000
39.3223 0.3230 0.0000
39.3301 0.3874 0.0000
39.3424 0.0655 0.0000
39.3436 0.0000 0.1211
39.3498 0.1653 0.0000
39.4035 0.2463 0.0000
39.4100 0.1825 0.0000
39.4189 0.1301 0.0000
39.5046 0.0000 0.3808
39.6148 0.0000 0.4362
39.6294 0.0000 0.0853
39.6453 0.1358 0.0000
39.7453 0.0000 0.1062
39.7473 0.0786 0.0000
39.8267 0.0000 0.0809
39.8566 0.0000 0.2030
39.9010 0.1541 0.0000
39.9053 0.0177 0.0000
39.9435 0.4032 0.0000
39.9474 0.1499 0.0000

L = 0.05
0.0013 0.7554 0.0000
0.0077 0.1771 0.0000
0.0154 0.0640 0.0000
0.0301 0.0000 0.2986
0.0328 0.0000 0.0558
0.0351 0.8069 0.0000
0.0573 0.2107 0.0000
0.0632 0.2060 0.0000
0.0963 0.2139 0.0000
0.1195 0.2006 0.0000
0.1319 0.2822 0.0000
0.2002 0.0025 0.0238
0.3359 0.0000 0.1434
0.4441 0.0000 0.0336
0.4666 0.0000 0.5358
0.5107 0.1184 0.0000
0.6532 0.0230 0.0000
0.7656 0.0000 0.1127
1.0320 0.0000 0.1092
1.0452 0.1035 0.0000
1.9481 0.0089 0.0000
2.0023 0.1618 0.0000
2.0603 0.0097 0.0128
2.1372 0.0000 0.1028
2.6916 0.0137 -0.0011
4.9404 0.0001 0.0000
5.9445 0.0198 0.0111
7.6815 0.0075 0.0046
10.8986 0.0123 -0.0017
27.5530 0.0006 0.0062
29.9604 0.0170 0.0066
37.9624 0.0052 0.0171
38.9874 0.0143 0.0191

L = 0.05
0.0174 0.3931 0.0000
0.1115 0.0000 0.2024
0.1169 0.0000 0.3219
0.1695 0.0932 0.0000
0.1860 0.1920 0.0000
0.3079 0.0000 0.2253
0.3839 0.0000 0.1187
0.5130 0.2729 0.0000
0.5700 0.1908 0.0000
0.6432 0.2995 0.0000
0.8013 0.1375 0.0000
0.8638 0.0143 0.0191
0.8944 0.1662 0.0000
1.8425 0.1590 0.0000
1.9464 0.0066 -0.0094
2.9310 0.0060 0.0217
4.0223 0.3916 0.0000
7.3690 0.0137 0.0246
10.2556 0.0295 0.0023
10.3439 0.0113 0.0074
21.5640 0.0080 0.0075
24.1851 0.0099 0.0064
24.2789 0.0132 0.0021
30.0837 0.0153 0.0048
30.1842 0.0349 0.0117
31.1380 0.0008 -0.0005
35.8178 0.0213 -0.0026
36.8483 0.0033 0.0007

L = 0.05
0.0994 0.1536 0.0000
0.1708 0.0000 0.4263
0.1833 0.0680 0.0000
0.2126 0.0000 0.2197
0.2325 0.3299 0.0000
0.2622 0.0543 0.0000
0.2675 0.0000 0.0418
0.2773 0.3486 0.0000
0.3061 0.0281 0.0000
0.3169 0.0618 0.0000
0.3374 0.0000 0.0473
0.4438 0.1861 0.0000
0.5290 0.2191 0.0000
0.6796 0.0000 0.0998
0.7601 0.0405 0.0000
0.8305 0.0000 0.1888
0.8369 0.0000 0.1528
0.9496 0.7882 0.0000
1.3137 0.3188 0.0000
7.2661 0.0101 0.0084
7.9726 0.0090 0.0148
9.8224 0.0100 0.0235
12.1239 0.0166 0.0084
13.8261 0.0116 0.0153
15.4018 0.0022 0.0155
18.8269 0.0040 0.0089
21.0994 0.0104 0.0030
23.5104 0.0087 0.0157
25.2256 0.0006 0.0089
25.7339 0.0100 -0.0017
30.5766 0.0134 0.0048
34.2925 0.0085 -0.0032

L = 0.05
0.0039 0.0357 0.0000
0.0041 0.2373 0.0000
0.1268 0.0000 0.2188
0.1317 0.0000 0.5534
0.1622 0.0000 0.1464
0.1753 0.0000 0.2587
0.1855 0.0000 0.3030
0.2563 0.0000 0.1276
0.3515 0.1028 0.0000
0.3748 0.0000 0.2068
0.3962 0.1490 0.0000
0.4657 0.9832 0.0000
0.4839 0.0000 0.2231
0.5153 0.0822 0.0000
0.5623 0.3124 0.0000
0.5652 0.0461 0.0000
0.6827 0.1948 0.0000
0.6917 0.0000 0.1826
0.7851 0.0000 0.1314
0.8133 0.0277 0.0000
0.8554 0.3199 0.0000
0.9755 0.2528 0.0000
1.9397 0.0416 0.0000
4.8333 0.0134 0.0061
12.5104 0.0086 0.0081
13.8088 0.0027 0.0080
14.3219 0.0007 -0.0010
22.6963 0.0066 0.0019
23.8656 0.0035 0.0078
33.4453 0.0176 -0.0150
36.1421 0.0104 0.0213
