
L = 0.09
0.3736 0.2188 0.0000
0.4831 0.3231 0.0000
0.5026 0.1751 0.0000
0.5128 0.1798 0.0000
0.6022 0.1514 0.0000
0.6081 0.2056 0.0000
0.6454 0.2674 0.0000
0.7028 0.0463 0.0000
0.7166 0.2140 0.0000
0.8452 0.2009 0.0000
0.8533 0.1332 0.0000
0.8747 0.1297 0.0000
0.8749 0.2167 0.0000
0.8758 0.1377 0.0000
0.8870 0.1727 0.0000
0.8926 0.1928 0.0000
0.9236 0.1825 0.0000
0.9238 0.1674 0.0000
0.9362 0.2204 0.0000
0.9475 0.2189 0.0000
1.0051 0.2075 0.0000
1.0226 0.2008 0.0000
1.0784 0.1245 0.0000
1.1104 0.2239 0.0000
1.1324 0.0890 0.0000
1.1949 0.2836 0.0000
1.2046 0.1718 0.0000
1.2461 0.0626 0.0000
1.2555 0.1590 0.0000
1.2590 0.1236 0.0000
1.2601 0.1534 0.0000
1.2868 0.2773 0.0000
1.3427 0.1213 0.0000
1.3474 0.1182 0.0000
1.3755 0.2825 0.0000
1.4100 0.2133 0.0000
1.4792 0.2517 0.0000
1.4827 0.1013 0.0000
1.5049 0.1116 0.0000
1.5153 0.4001 0.0000
1.5285 0.0657 0.0000
1.5977 0.0991 0.0000
1.6723 0.1151 0.0000
1.7537 0.1716 0.0000
1.7600 0.3366 0.0000
1.7623 0.1675 0.0000
1.7760 0.1942 0.0000
1.8716 0.2778 0.0000
1.8940 0.3121 0.0000
1.9339 0.2681 0.0000
1.9567 0.3075 0.0000
1.9917 0.3185 0.0000
2.0408 0.1169 0.0000
2.0600 0.0996 0.0000
2.0857 0.0000 0.1261
2.1048 0.2345 0.0000
2.1603 0.1490 0.0000
2.1770 0.0369 0.0000
2.1786 0.1641 0.0000
2.2129 0.2207 0.0000
2.3132 0.0534 0.0000
2.3202 0.1421 0.0000
2.3498 0.1140 0.0000
2.3757 0.2482 0.0000
2.4180 0.3573 0.0000
2.4467 0.2675 0.0000
2.4497 0.1311 0.0000
2.4738 0.3836 0.0000
2.5273 0.2855 0.0000
2.5621 0.1201 0.0000
2.5662 0.2754 0.0000
2.6493 0.0000 0.0910
2.6633 0.2930 0.0000
2.6942 0.1426 0.0000
2.6944 0.0000 0.1517
2.7098 0.1640 0.0000
2.7377 0.2191 0.0000
2.7490 0.3732 0.0000
2.7921 0.1744 0.0000
2.8330 0.1127 0.0000
2.8633 0.3737 0.0000
2.8799 0.0869 0.0000
2.9259 0.1771 0.0000
2.9261 0.1481 0.0000
2.9551 0.2907 0.0000
2.9930 0.0000 0.2051
2.9946 0.1645 0.0000
3.0293 0.1087 0.0000
3.0808 0.2995 0.0000
3.0838 0.0881 0.0000
3.1113 0.2144 0.0000
3.2027 0.1131 0.0000
3.2183 0.0683 0.0000
3.2535 0.3758 0.0000
3.2965 0.1629 0.0000
3.2983 0.2604 0.0000
3.3478 0.2360 0.0000
3.3510 0.1659 0.0000
3.3597 0.0692 0.0000
3.4407 0.1050 0.0000
3.5023 0.2441 0.0000
3.5250 0.3170 0.0000
3.5794 0.0626 0.0000
3.6173 0.2557 0.0000
3.6259 0.3515 0.0000
3.6641 0.2468 0.0000
3.7053 0.2156 0.0000
3.7395 0.1888 0.0000
3.7422 0.4780 0.0000
3.7496 0.2449 0.0000
3.7889 0.1138 0.0000
3.8049 0.1773 0.0000
3.8393 0.0836 0.0000
3.8591 0.1664 0.0000
3.9110 0.0343 0.0000
3.9606 0.1671 0.0000
3.9664 0.1142 0.0000
4.0029 0.1511 0.0000
4.0775 0.0362 0.0000
4.0941 0.2204 0.0000
4.1078 0.2237 0.0000
4.2332 0.1056 0.0000
4.3477 0.1542 0.0000
4.3505 0.0681 0.0000
4.3970 0.1595 0.0000
4.4599 0.4978 0.0000
4.4981 0.0785 0.0000
4.5737 0.1659 0.0000
4.6064 0.3430 0.0000
4.6324 0.2332 0.0000
4.6850 0.0507 0.0000
4.7669 0.0000 0.0670
4.7982 0.1513 0.0000
4.8473 0.3265 0.0000
4.9826 0.0000 0.1644
5.0787 0.1670 0.0000
5.0986 0.0000 0.0547
5.1677 0.1585 0.0000
5.1715 0.0745 0.0000
5.2276 0.1731 0.0000
5.2727 0.1062 0.0000
5.3270 0.1382 0.0000
5.3672 0.0000 0.1357
5.3777 0.0594 0.0000
5.3925 0.0810 0.0000
5.4143 0.0000 0.1751
5.5245 0.2489 0.0000
5.5763 0.0000 0.4602
5.6037 0.2131 0.0000
5.6661 0.0486 0.0000
5.6674 0.0000 0.0467
5.6878 0.1371 0.0000
5.7345 0.1676 0.0000
5.8393 0.2876 0.0000
5.8661 0.2376 0.0000
5.8784 0.1421 0.0000
5.9113 0.1069 0.0000
5.9237 0.0964 0.0000
5.9371 0.2339 0.0000
5.9932 0.1020 0.0000
6.0073 0.3281 0.0000
6.0451 0.1326 0.0000
6.0466 0.0000 0.3647
6.0801 0.3111 0.0000
6.1949 0.2280 0.0000
6.2104 0.0986 0.0000
6.2416 0.1194 0.0000
6.3080 0.1282 0.0000
6.3541 0.2324 0.0000
6.3844 0.1854 0.0000
6.4796 0.0000 0.4053
6.5268 0.1418 0.0000
6.5329 0.1877 0.0000
6.6606 0.1284 0.0000
6.6648 0.2012 0.0000
6.7048 0.0000 0.0993
6.7084 0.0877 0.0000
6.7218 0.1656 0.0000
6.7523 0.2928 0.0000
6.7617 0.3120 0.0000
6.8021 0.0000 0.1814
6.8286 0.1085 0.0000
6.8387 0.0391 0.0000
6.9583 0.0000 0.0883
6.9710 0.0000 0.1178
7.0804 0.3442 0.0000
7.1269 0.0888 0.0000
7.1338 0.0000 0.3076
7.1397 0.0000 0.0331
7.1661 0.1874 0.0000
7.2236 0.0637 0.0000
7.2525 0.2000 0.0000
7.2615 0.1660 0.0000
7.2903 0.1488 0.0000
7.3107 0.1471 0.0000
7.3213 0.3180 0.0000
7.3987 0.2143 0.0000
7.5019 0.0000 0.1309
7.5298 0.0000 0.3463
7.5534 0.2677 0.0000
7.5983 0.0705 0.0000
7.6338 0.1148 0.0000
7.6348 0.2697 0.0000
7.6782 0.0000 0.3830
7.6939 0.1424 0.0000
7.7348 0.2833 0.0000
7.8158 0.1577 0.0000
7.8537 0.1034 0.0000
7.9312 0.0000 0.1228
7.9508 0.0757 0.0000
7.9513 0.0455 0.0000
7.9848 0.2014 0.0000
8.0098 0.1760 0.0000
8.0436 0.1716 0.0000
8.1546 0.2197 0.0000
8.2967 0.0275 0.0000
8.3477 0.1597 0.0000
8.4007 0.1326 0.0000
8.4203 0.1287 0.0000
8.4324 0.0000 0.1106
8.4754 0.0347 0.0000
8.6080 0.0000 0.4309
8.7003 0.0811 0.0000
8.8305 0.0000 0.2456
8.9678 0.1400 0.0000
8.9884 0.1588 0.0000
9.0799 0.0000 0.3488
9.0895 0.1612 0.0000
9.1128 0.1061 0.0000
9.1828 0.0000 0.5287
9.2193 0.1221 0.0000
9.3081 0.2283 0.0000
9.3514 0.0000 0.4494
9.3925 0.2220 0.0000
9.4733 0.0000 0.0864
9.5364 0.1240 0.0000
9.5552 0.0000 0.3130
9.5846 0.0000 0.2147
9.5899 0.2119 0.0000
9.6440 0.1443 0.0000
9.7632 0.0000 0.0771
9.7872 0.0000 0.2758
9.8079 0.0000 0.3283
9.8143 0.0805 0.0000
9.9257 0.0000 0.3961
10.0034 0.0000 0.2643
10.0133 0.0000 0.2542
10.0429 0.0000 0.0697
10.1032 0.1918 0.0000
10.1854 0.0000 0.0993
10.1928 0.0000 0.2600
10.2029 0.0000 0.1020
10.2551 0.1722 0.0000
10.2592 0.0000 0.3614
10.3508 0.0000 0.4854
10.3655 0.1176 0.0000
10.5043 0.0483 0.0000
10.6019 0.0002 0.0019
10.7510 0.0000 0.3648
10.8306 0.0669 0.0000
10.9202 0.0593 0.0000
10.9986 0.0812 0.0000
11.0287 0.0221 0.0000
11.0447 0.1632 0.0000
11.0701 0.0000 0.4159
11.1255 0.2456 0.0000
11.1393 0.0000 0.4314
11.1886 0.0000 0.3353
11.2916 0.1192 0.0000
11.3083 0.0484 0.0000
11.3460 0.2683 0.0000
11.4507 0.2663 0.0000
11.4628 0.0000 0.0428
11.4724 0.0000 0.3434
11.5043 0.0000 0.3509
11.5128 0.0000 0.0650
11.5636 0.0366 0.0000
11.6026 0.0000 0.2604
11.6742 0.0269 0.0000
11.6928 0.1045 0.0000
12.0204 0.1873 0.0000
12.0838 0.0000 0.3345
12.1294 0.1436 0.0000
12.1346 0.1023 0.0000
12.2069 0.3108 0.0000
12.2290 0.0000 0.3585
12.3519 0.0000 0.2984
12.4511 0.0000 0.2152
12.5262 0.0000 0.1077
12.5729 0.2052 0.0000
12.5794 0.2376 0.0000
12.7164 0.0000 0.2079
12.7789 0.0810 0.0000
12.7885 0.0000 0.1910
12.8457 0.0000 0.2097
12.9326 0.0000 0.3263
13.0726 0.0712 0.0000
13.2067 0.0000 0.0909
13.2085 0.0290 0.0000
13.2858 0.3363 0.0000
13.2908 0.0000 0.2945
13.3630 0.0750 0.0000
13.4012 0.0000 0.3752
13.4026 0.0000 0.1477
13.4138 0.0000 0.2820
13.4410 0.0000 0.0929
13.4552 0.0575 0.0000
13.5533 0.0000 0.2520
13.5554 0.0000 0.3355
13.5845 0.0000 0.1495
13.5855 0.0000 0.1045
13.6001 0.0000 0.3665
13.6083 0.0000 0.1624
13.6837 0.0000 0.0438
13.6992 0.0000 0.1476
13.7146 0.0000 0.2646
13.7218 0.0000 0.1781
13.8105 0.0000 0.3997
14.0055 0.0000 0.5252
14.0143 0.0000 0.1250
14.0203 0.0000 0.4561
14.0301 0.0000 0.1811
14.0805 0.0000 0.2881
14.0900 0.0000 0.1095
14.2317 0.0573 0.0000
14.2483 0.0841 0.0000
14.2749 0.0000 0.4867
14.2750 0.0656 0.0000
14.2977 0.0000 0.2902
14.3556 0.0000 0.3998
14.3741 0.0000 0.2344
14.4626 0.0000 0.1770
14.5057 0.0000 0.5215
14.5751 0.0000 0.2406
14.5966 0.0000 0.1045
14.6101 0.0000 0.0348
14.6319 0.0000 0.0799
14.6354 0.1304 0.0000
14.6810 0.0000 0.3384
14.6954 0.0000 0.4983
14.7121 0.0000 0.2966
14.7494 0.1325 0.0000
14.7976 0.1073 0.0000
14.7996 0.2469 0.0000
14.8145 0.0000 0.2586
14.8699 0.0000 0.0871
14.8901 0.0000 0.0973
14.9345 0.1986 0.0000
15.0097 0.0000 0.1562
15.1043 0.1351 0.0000
15.1118 0.0000 0.3131
15.1765 0.0000 0.0974
15.2261 0.0000 0.0372
15.2414 0.0000 0.3840
15.2867 0.0000 0.1795
15.2970 0.2044 0.0000
15.2995 0.1107 0.0000
15.3113 0.0000 0.5544
15.3675 0.1981 0.0000
15.3976 0.0000 0.2950
15.4963 0.2065 0.0000
15.5075 0.0000 0.3217
15.5246 0.0000 0.2619
15.5250 0.0000 0.0958
15.5429 0.1168 0.0000
15.5573 0.0000 0.2176
15.7105 0.0000 0.1327
15.7323 0.0000 0.1226
15.7502 0.0000 0.2561
15.7920 0.0000 0.2342
15.8124 0.0000 0.2211
15.8569 0.0000 0.2487
15.9125 0.0295 0.0000
15.9699 0.0000 0.1648
15.9823 0.0000 0.2540
16.0791 0.0000 0.3200
16.1002 0.0000 0.1501
16.1499 0.0000 0.3252
16.2353 0.0000 0.4669
16.2451 0.0000 0.1177
16.2593 0.0000 0.2370
16.2807 0.0911 0.0000
16.3448 0.0000 0.1909
16.3786 0.0000 0.1212
16.3976 0.0000 0.1539
16.4226 0.0000 0.2566
16.5407 0.0000 0.1242
16.5693 0.0000 0.4066
16.5887 0.0000 0.3929
16.6253 0.0000 0.3219
16.6586 0.0390 0.0000
16.7034 0.0738 0.0000
16.7160 0.0000 0.1245
16.8268 0.0000 0.2471
16.9660 0.0000 0.3673
16.9955 0.0000 0.2186
17.1314 0.0000 0.2304
17.1597 0.0000 0.1813
17.1628 0.0000 0.0636
17.1898 0.0000 0.1828
17.2556 0.0000 0.1409
17.4439 0.0000 0.1926
17.4695 0.0949 0.0000
17.4717 0.0000 0.4042
17.4740 0.0000 0.0741
17.5314 0.0000 0.2949
17.7344 0.1993 0.0000
17.7587 0.0000 0.1718
17.7790 0.0000 0.0333
17.8448 0.0000 0.2034
17.9038 0.1199 0.0000
18.0025 0.0000 0.3461
18.0177 0.0000 0.3353
18.1500 0.0000 0.0919
18.1575 0.0000 0.1479
18.2084 0.0000 0.2385
18.2746 0.0000 0.3460
18.2877 0.0000 0.2558
18.4211 0.1775 0.0000
18.4550 0.0000 0.2197
18.5057 0.0000 0.2494
18.5714 0.0000 0.4425
18.5869 0.0000 0.1175
18.6258 0.0000 0.3636
18.6944 0.0000 0.4302
18.7019 0.0000 0.2323
18.8299 0.0000 0.1967
18.8351 0.0000 0.2396
18.8394 0.0000 0.3512
18.8553 0.0000 0.3628
18.8644 0.0000 0.1649
18.9632 0.0722 0.0000
19.0052 0.0000 0.1197
19.0229 0.0863 0.0000
19.1056 0.0000 0.0781
19.1453 0.0000 0.1340
19.1648 0.0000 0.1027
19.1818 0.0000 0.5623
19.2866 0.1076 0.0000
19.3043 0.0000 0.0677
19.3230 0.0000 0.0593
19.3897 0.0800 0.0000
19.4081 0.0000 0.3523
19.4620 0.0910 0.0000
19.4656 0.0000 0.2308
19.4881 0.0000 0.0695
19.5583 0.0000 0.1463
19.6152 0.0000 0.4300
19.6519 0.0000 0.1675
19.6582 0.0000 0.0606
19.6670 0.0000 0.1910
19.8504 0.2622 0.0000
19.8532 0.0000 0.2156
19.8841 0.3861 0.0000
19.9054 0.0000 0.2249
19.9382 0.0000 0.1397
19.9557 0.0000 0.1649
19.9822 0.1103 0.0000
19.9892 0.0000 0.2826
20.0462 0.0000 0.2347
20.0528 0.0000 0.4749
20.0649 0.0000 0.4513
20.2404 0.0000 0.1436
20.2911 0.0000 0.1173
20.3542 0.0000 0.1527
20.3850 0.0000 0.3356
20.3943 0.0473 0.0000
20.4068 0.1085 0.0000
20.4158 0.0622 0.0000
20.4602 0.1878 0.0000
20.4985 0.0769 0.0000
20.5324 0.0717 0.0000
20.6020 0.0000 0.1498
20.6262 0.0000 0.1112
20.6436 0.1789 0.0000
20.6876 0.1501 0.0000
20.7991 0.2274 0.0000
20.8133 0.0000 0.0682
20.8197 0.0000 0.3144
20.8347 0.0650 0.0000
20.8923 0.1127 0.0000
20.9339 0.0000 0.1649
20.9410 0.1902 0.0000
21.1436 0.0000 0.2414
21.2259 0.0000 0.2445
21.2264 0.0000 0.3467
21.3007 0.0000 0.0438
21.3724 0.1482 0.0000
21.4075 0.1319 0.0000
21.4406 0.1298 0.0000
21.4809 0.0000 0.2507
21.5047 0.0000 0.2734
21.5201 0.0000 0.2710
21.5549 0.0000 0.2376
21.5750 0.0000 0.1819
21.5782 0.0000 0.1146
21.8398 0.0000 0.2919
21.9126 0.0000 0.0948
22.0294 0.2276 0.0000
22.0375 0.2910 0.0000
22.0427 0.1479 0.0000
22.0706 0.0000 0.1518
22.0904 0.1664 0.0000
22.1405 0.0000 0.3053
22.2264 0.0000 0.3243
22.2416 0.0000 0.1603
22.2509 0.0000 0.2047
22.2645 0.0000 0.2367
22.2804 0.0791 0.0000
22.3011 0.0000 0.2301
22.3425 0.0000 0.0576
22.3539 0.0000 0.4048
22.3977 0.0000 0.2853
22.4226 0.0000 0.1253
22.4940 0.0000 0.3010
22.5088 0.0000 0.1825
22.5903 0.0000 0.2102
22.6107 0.0000 0.1531
22.6662 0.2225 0.0000
22.6932 0.0000 0.2463
22.7040 0.0000 0.2050
22.7793 0.0000 0.0954
22.7894 0.0000 0.3703
22.7940 0.0000 0.0391
22.8297 0.0773 0.0000
22.8457 0.3082 0.0000
22.8483 0.2391 0.0000
22.8622 0.0000 0.2399
22.8723 0.0227 0.0000
22.9336 0.0000 0.2512
22.9460 0.0000 0.1128
22.9462 0.0157 0.0000
22.9469 0.0000 0.1383
23.0068 0.0000 0.2004
23.0110 0.0000 0.1155
23.0528 0.2587 0.0000
23.1724 0.0866 0.0000
23.2970 0.0000 0.2361
23.3816 0.1120 0.0000
23.3849 0.0000 0.2744
23.4317 0.0000 0.3382
23.4455 0.2775 0.0000
23.4743 0.0000 0.1737
23.6145 0.2059 0.0000
23.6199 0.0892 0.0000
23.7388 0.0000 0.1098
23.8083 0.1439 0.0000
23.8232 0.3627 0.0000
23.9075 0.0000 0.4288
23.9083 0.0000 0.2891
23.9646 0.0000 0.1545
24.1193 0.0419 0.0000
24.1433 0.1277 0.0000
24.2021 0.0000 0.2529
24.2238 0.1482 0.0000
24.2632 0.0000 0.1742
24.2841 0.2000 0.0000
24.3264 0.0000 0.2290
24.3295 0.0000 0.1021
24.3722 0.2247 0.0000
24.3782 0.1138 0.0000
24.3946 0.2799 0.0000
24.5014 0.1602 0.0000
24.5446 0.0000 0.0708
24.5523 0.0000 0.1648
24.5557 0.0000 0.3378
24.5825 0.0000 0.2696
24.5895 0.4233 0.0000
24.6033 0.0000 0.1204
24.6220 0.0000 0.2038
24.6306 0.0000 0.1492
24.6344 0.0000 0.1553
24.6801 0.0000 0.1839
24.7109 0.1131 0.0000
24.7198 0.1135 0.0000
24.7880 0.0000 0.0979
24.8200 0.0536 0.0000
24.9277 0.1766 0.0000
25.0020 0.0526 0.0000
25.0475 0.1289 0.0000
25.2915 0.0000 0.2281
25.3048 0.0000 0.1728
25.3079 0.1202 0.0000
25.3098 0.0000 0.2184
25.3256 0.2397 0.0000
25.3364 0.0000 0.2191
25.3827 0.1600 0.0000
25.4334 0.0000 0.3361
25.4920 0.0000 0.3077
25.5992 0.1559 0.0000
25.6610 0.1979 0.0000
25.7428 0.1098 0.0000
25.7465 0.0000 0.1451
25.7817 0.1588 0.0000
25.8453 0.1028 0.0000
25.9143 0.3204 0.0000
25.9224 0.0000 0.1534
25.9571 0.0000 0.2317
25.9738 0.1746 0.0000
25.9812 0.0000 0.2262
26.0171 0.1847 0.0000
26.0308 0.0000 0.3054
26.0432 0.0000 0.1190
26.1152 0.0000 0.1832
26.1741 0.0723 0.0000
26.2587 0.0374 0.0000
26.5843 0.2934 0.0000
26.6335 0.3557 0.0000
26.6736 0.3502 0.0000
26.6783 0.2142 0.0000
26.7178 0.0815 0.0000
26.7773 0.0000 0.1618
26.7875 0.0000 0.2420
26.8181 0.0000 0.2290
26.8262 0.2851 0.0000
26.8501 0.0000 0.1095
26.8639 0.0973 0.0000
26.8715 0.0000 0.0625
26.9100 0.1328 0.0000
26.9699 0.3084 0.0000
26.9715 0.0000 0.0885
26.9746 0.3476 0.0000
27.0109 0.0000 0.0849
27.0136 0.2733 0.0000
27.0975 0.0000 0.0931
27.2746 0.3811 0.0000
27.2878 0.1548 0.0000
27.2948 0.2168 0.0000
27.3261 0.2105 0.0000
27.3300 0.0000 0.3150
27.3318 0.0892 0.0000
27.3338 0.0000 0.3261
27.3433 0.1202 0.0000
27.4190 0.2271 0.0000
27.4449 0.0459 0.0000
27.4614 0.0968 0.0000
27.4622 0.1270 0.0000
27.4633 0.2216 0.0000
27.4683 0.4260 0.0000
27.4732 0.1381 0.0000
27.4904 0.2414 0.0000
27.6234 0.1968 0.0000
27.6546 0.0000 0.0674
27.7120 0.3554 0.0000
27.8072 0.0000 0.1636
27.8330 0.0000 0.2655
27.9400 0.0000 0.1315
27.9756 0.3850 0.0000
28.0351 0.2432 0.0000
28.1234 0.0000 0.4992
28.1650 0.3086 0.0000
28.1822 0.0000 0.0564
28.1872 0.0733 0.0000
28.2161 0.0792 0.0000
28.2833 0.1868 0.0000
28.3020 0.0000 0.0223
28.4142 0.0000 0.2545
28.4335 0.0000 0.1670
28.4440 0.0000 0.2278
28.5562 0.3249 0.0000
28.6022 0.0000 0.0936
28.6025 0.0000 0.2135
28.6645 0.3252 0.0000
28.6710 0.0759 0.0000
28.7158 0.2609 0.0000
28.7458 0.0000 0.3409
28.7758 0.0000 0.1211
28.7830 0.0000 0.1225
28.8265 0.0000 0.1257
28.9320 0.0000 0.0731
28.9718 0.0000 0.1838
28.9992 0.1084 0.0000
29.0575 0.1852 0.0000
29.1063 0.0000 0.3708
29.1249 0.1244 0.0000
29.2106 0.0000 0.0625
29.2509 0.1196 0.0000
29.2759 0.0000 0.2950
29.2828 0.1887 0.0000
29.3160 0.0000 0.1344
29.3273 0.3008 0.0000
29.3476 0.3750 0.0000
29.3794 0.2737 0.0000
29.4114 0.3466 0.0000
29.4786 0.0000 0.1798
29.4855 0.2007 0.0000
29.5263 0.0976 0.0000
29.5433 0.2551 0.0000
29.5962 0.2960 0.0000
29.6454 0.2721 0.0000
29.7168 0.2938 0.0000
29.7304 0.0000 0.1742
29.7843 0.0914 0.0000
29.7943 0.0000 0.3843
29.8386 0.2416 0.0000
29.9365 0.1397 0.0000
29.9484 0.1466 0.0000
29.9590 0.1624 0.0000
29.9631 0.3904 0.0000
29.9643 0.0000 0.0300
30.0537 0.2825 0.0000
30.1626 0.1687 0.0000
30.1808 0.2199 0.0000
30.2723 0.0979 0.0000
30.3471 0.0974 0.0000
30.5140 0.0000 0.1774
30.5251 0.0371 0.0000
30.5692 0.0000 0.1482
30.6434 0.0992 0.0000
30.6443 0.3544 0.0000
30.7176 0.2782 0.0000
30.8303 0.3384 0.0000
30.8474 0.2058 0.0000
30.8476 0.0000 0.2428
30.8780 0.0871 0.0000
30.8838 0.1067 0.0000
30.8841 0.2430 0.0000
30.9036 0.1023 0.0000
30.9206 0.1584 0.0000
30.9490 0.0699 0.0000
30.9498 0.0000 0.0457
30.9689 0.2110 0.0000
30.9969 0.0000 0.1228
31.0344 0.0000 0.2002
31.0873 0.0001 0.0069
31.1955 0.1395 0.0000
31.2094 0.3300 0.0000
31.2726 0.1974 0.0000
31.3101 0.2866 0.0000
31.3131 0.1721 0.0000
31.4401 0.0000 0.2085
31.4626 0.0480 0.0000
31.4734 0.0000 0.2395
31.5288 0.2078 0.0000
31.5858 0.2492 0.0000
31.7413 0.0000 0.2187
31.7506 0.3137 0.0000
31.7891 0.1637 0.0000
31.8096 0.2048 0.0000
31.8455 0.0795 0.0000
31.9766 0.3600 0.0000
32.0959 0.1922 0.0000
32.0960 0.1956 0.0000
32.1227 0.0000 0.2770
32.1283 0.0000 0.2125
32.1929 0.0904 0.0000
32.2342 0.1775 0.0000
32.3788 0.1819 0.0000
32.5163 0.1311 0.0000
32.5317 0.0000 0.0998
32.5386 0.1567 0.0000
32.5784 0.1868 0.0000
32.5961 0.2447 0.0000
32.6451 0.2642 0.0000
32.7663 0.1981 0.0000
32.8192 0.1710 0.0000
32.8312 0.0000 0.2182
32.8654 0.2907 0.0000
32.9334 0.2052 0.0000
33.0471 0.3456 0.0000
33.0549 0.0883 0.0000
33.1518 0.0000 0.0438
33.3308 0.2907 0.0000
33.3602 0.2258 0.0000
33.4347 0.0000 0.1167
33.4373 0.3292 0.0000
33.4757 0.0000 0.1566
33.4834 0.0000 0.2052
33.5198 0.5483 0.0000
33.5248 0.2354 0.0000
33.5464 0.0000 0.1076
33.5604 0.0000 0.1709
33.5684 0.2916 0.0000
33.6248 0.0000 0.1224
33.7482 0.0000 0.0602
33.7514 0.3766 0.0000
33.8324 0.0643 0.0000
33.9409 0.3409 0.0000
33.9620 0.1671 0.0000
33.9728 0.1294 0.0000
33.9984 0.4841 0.0000
34.1141 0.0000 0.2336
34.1552 0.0000 0.2118
34.1743 0.0000 0.1500
34.2164 0.0803 0.0000
34.2451 0.3218 0.0000
34.2571 0.3505 0.0000
34.2704 0.1400 0.0000
34.3323 0.0000 0.3333
34.3717 0.3384 0.0000
34.3848 0.2621 0.0000
34.4031 0.0000 0.3618
34.4185 0.2246 0.0000
34.4952 0.0714 0.0000
34.5172 0.1827 0.0000
34.5206 0.0000 0.1379
34.6953 0.0000 0.1540
34.7272 0.0000 0.2484
34.7289 0.1416 0.0000
34.7694 0.1279 0.0000
34.7951 0.1315 0.0000
34.8255 0.0000 0.3272
34.8271 0.0000 0.0565
34.9218 0.2138 0.0000
34.9781 0.1417 0.0000
34.9907 0.1086 0.0000
35.0194 0.1453 0.0000
35.0723 0.1438 0.0000
35.1090 0.3718 0.0000
35.1486 0.2847 0.0000
35.1510 0.2183 0.0000
35.1666 0.0781 0.0000
35.3124 0.0000 0.1455
35.3552 0.2048 0.0000
35.3797 0.2148 0.0000
35.4179 0.2669 0.0000
35.4701 0.1126 0.0000
35.4845 0.2426 0.0000
35.4950 0.0000 0.2268
35.5459 0.1302 0.0000
35.5588 0.3702 0.0000
35.5705 0.0000 0.1082
35.6320 0.0000 0.0908
35.6727 0.0000 0.1608
35.6855 0.0000 0.3790
35.6918 0.1424 0.0000
35.7327 0.1641 0.0000
35.7635 0.0943 0.0000
35.7837 0.0123 0.0000
35.8631 0.1027 0.0000
35.8970 0.1560 0.0000
35.9028 0.0000 0.3324
35.9909 0.0000 0.0557
36.0043 0.0000 0.1273
36.0396 0.0000 0.0754
36.1075 0.2513 0.0000
36.1221 0.0000 0.2158
36.1468 0.1304 0.0000
36.1638 0.2877 0.0000
36.2711 0.1339 0.0000
36.2719 0.0909 0.0000
36.2748 0.0000 0.1511
36.2807 0.0816 0.0000
36.2971 0.2402 0.0000
36.3188 0.0000 0.0936
36.3468 0.1420 0.0000
36.4428 0.0000 0.1731
36.5207 0.1193 0.0000
36.5278 0.0000 0.2281
36.6277 0.0000 0.1667
36.7808 0.0000 0.2838
36.7907 0.0000 0.3329
36.8042 0.0000 0.1211
36.8108 0.0000 0.0851
36.8849 0.1474 0.0000
36.9204 0.0681 0.0000
36.9642 0.2955 0.0000
37.0248 0.2375 0.0000
37.0835 0.2140 0.0000
37.2028 0.1455 0.0000
37.2104 0.2434 0.0000
37.2278 0.4612 0.0000
37.2391 0.0000 0.2674
37.2876 0.1837 0.0000
37.2975 0.2646 0.0000
37.3085 0.0000 0.1745
37.3504 0.1523 0.0000
37.3820 0.2461 0.0000
37.3859 0.0000 0.0570
37.4281 0.2077 0.0000
37.5051 0.0000 0.3204
37.5293 0.1451 0.0000
37.5529 0.2380 0.0000
37.5701 0.1112 0.0000
37.5924 0.0000 0.0848
37.6007 0.0540 0.0000
37.6072 0.1245 0.0000
37.6163 0.0798 0.0000
37.6259 0.1589 0.0000
37.6936 0.0000 0.1500
37.7783 0.0000 0.3273
37.7852 0.2450 0.0000
37.8541 0.1635 0.0000
37.8794 0.1001 0.0000
37.8996 0.0000 0.0940
37.9125 0.0991 0.0000
37.9323 0.1929 0.0000
37.9557 0.0000 0.0589
37.9603 0.1375 0.0000
38.0543 0.0000 0.1661
38.0565 0.0000 0.3710
38.0696 0.0000 0.0252
38.1109 0.0511 0.0000
38.1489 0.1017 0.0000
38.1596 0.2962 0.0000
38.2111 0.1891 0.0000
38.2213 0.0000 0.4170
38.2243 0.0000 0.0269
38.2271 0.2155 0.0000
38.3303 0.0000 0.1835
38.3485 0.0000 0.2428
38.3840 0.1956 0.0000
38.4182 0.1582 0.0000
38.4468 0.1589 0.0000
38.5321 0.0000 0.2381
38.5448 0.0890 0.0000
38.5709 0.1557 0.0000
38.5825 0.0000 0.1000
38.5931 0.2853 0.0000
38.6008 0.0000 0.3037
38.6073 0.0373 0.0000
38.6740 0.3656 0.0000
38.7077 0.0000 0.1418
38.7123 0.0000 0.1572
38.7729 0.0793 0.0000
38.7775 0.1230 0.0000
38.7854 0.2380 0.0000
38.7956 0.0000 0.1164
38.8581 0.2652 0.0000
38.8642 0.0460 0.0000
38.9035 0.1676 0.0000
39.0398 0.2691 0.0000
39.0603 0.0792 0.0000
39.1003 0.0000 0.2021
39.1851 0.0000 0.2160
39.2313 0.1652 0.0000
39.3018 0.2194 0.0000
39.3047 0.0304 0.0000
39.3305 0.0000 0.3440
39.3880 0.1399 0.0000
39.4451 0.1843 0.0000
39.6028 0.0000 0.3024
39.6446 0.0000 0.1485
39.6464 0.0380 0.0000
39.7404 0.0000 0.1463
39.7425 0.0844 0.0000
39.7837 0.4237 0.0000
39.9009 0.0000 0.1743

L = 0.09
0.0380 0.1017 0.0000
0.0487 0.2962 0.0000
0.1001 0.1891 0.0000
0.1104 0.0000 0.4170
0.1134 0.0000 0.0269
0.1162 0.2155 0.0000
0.2376 0.0000 0.2428
0.2731 0.1956 0.0000
0.3073 0.1582 0.0000
0.3359 0.1589 0.0000
0.4212 0.0000 0.2381
0.4600 0.1557 0.0000
0.4821 0.2853 0.0000
0.5968 0.0000 0.1418
0.6847 0.0000 0.1164
0.7472 0.2652 0.0000
1.6728 0.4237 0.0000
2.9468 0.0008 0.0135

L = 0.09
0.0036 0.1681 0.0000
0.0192 0.0302 0.0000
0.0320 0.2993 0.0000
0.0359 0.2059 0.0000
0.0637 0.0000 0.1135
0.0729 0.0000 0.2170
0.2707 0.2501 0.0000
0.2796 0.0000 0.0953
0.3206 0.1282 0.0000
0.4035 0.0827 0.0000
0.4293 0.0000 0.3189
0.4684 0.0212 0.0000
0.4957 0.0000 0.2662
0.7094 0.0000 0.4556
0.7163 0.0268 0.0000
0.9639 0.0000 0.1378
1.4991 0.0997 0.0000
2.1092 0.1217 0.0000
4.6810 0.0846 0.0000
9.9776 0.0006 -0.0000

L = 0.09
0.0355 0.0000 0.2106
0.1179 0.0000 0.4525
0.1402 0.3205 0.0000
0.1878 0.3732 0.0000
0.1894 0.1231 0.0000
0.2311 0.0820 0.0000
0.3217 0.0000 0.0841
0.4240 0.3241 0.0000
0.5386 0.2557 0.0000
0.5938 0.0000 0.2543
0.6002 0.2153 0.0000
0.6165 0.0000 0.1677
0.6581 0.1872 0.0000
0.8382 0.0000 0.3212
1.0134 0.1977 0.0000
1.0337 0.0686 0.0000
1.0543 0.2033 0.0000
1.0634 0.0000 0.1433
1.3256 0.1900 0.0000
4.1041 0.0000 0.2008
14.9825 0.0003 0.0313

L = 0.09
0.0556 0.0000 0.1735
0.0693 0.2299 0.0000
0.0802 0.1121 0.0000
0.0821 0.2839 0.0000
0.1077 0.0000 0.2596
0.2419 0.0000 0.1662
0.2583 0.1678 0.0000
0.3226 0.2480 0.0000
0.3508 0.3916 0.0000
0.4047 0.0000 0.0918
0.4749 0.0000 0.0466
0.4845 0.0000 0.4266
0.7201 0.0000 0.1067
0.7857 0.0000 0.1937
0.8024 0.1700 0.0000
0.8228 0.0397 0.0000
0.9451 0.0531 0.0000
1.1466 0.0000 0.1081
1.3118 0.4263 0.0000
1.7505 0.3311 0.0000
2.0580 0.2352 0.0000
2.0803 0.1287 0.0000
2.3877 0.0712 0.0000
3.3491 0.2015 0.0000
3.3550 0.1230 0.0000
14.4653 0.0020 -0.0001
