0.0123 0.0084
0.0182 0.0098
0.0529 0.0125
0.0658 0.0092
0.0792 0.0097
0.0998 0.0058
0.1263 0.0103
0.1622 0.0090
0.1640 0.0115
0.2155 0.0100
0.2450 0.0050
0.2500 0.0092
0.2585 0.0132
0.2898 0.0121
0.2921 0.0049
0.3022 0.0061
0.3218 0.0102
0.3341 0.0065
0.3382 0.0099
0.3525 0.0062
0.3601 0.0100
0.3675 0.0100
0.3700 0.0099
0.3714 0.0064
0.3721 0.0063
0.3733 0.0080
0.3792 0.0085
0.3832 0.0088
0.4207 0.0082
0.4376 0.0090
0.4404 0.0097
0.4575 0.0090
0.5112 0.0134
0.5121 0.0097
0.5176 0.0097
0.5299 0.0103
0.5857 0.0133
0.5956 0.0155
0.6001 0.0097
0.6074 0.0099
0.6252 0.0129
0.6271 0.0060
0.6435 0.0061
0.6781 0.0029
0.6818 0.0053
0.6936 0.0091
0.6985 0.0097
0.7044 0.0075
0.7061 0.0068
0.7226 0.0100
0.7312 0.0092
0.7410 0.0087
0.7537 0.0082
0.7702 0.0067
0.7830 0.0027
0.7857 0.0094
0.7944 0.0104
0.8053 0.0056
0.8874 0.0072
0.8947 0.0012
0.9076 0.0084
0.9274 0.0025
0.9338 0.0110
0.9855 0.0142
1.0049 0.0039
1.0299 0.0036
1.0561 0.0154
1.0688 0.0104
1.0726 0.0082
1.0791 0.0156
1.1055 0.0133
1.1447 0.0092
1.1465 0.0145
1.1477 0.0077
1.1603 0.0125
1.1737 0.0091
1.1847 0.0112
1.1971 0.0075
1.1985 0.0034
1.1992 0.0096
1.2229 0.0122
1.2307 0.0147
1.2397 0.0030
1.2561 0.0145
1.3095 0.0066
1.3105 0.0138
1.3193 0.0092
1.3249 0.0121
1.3297 0.0084
1.3825 0.0157
1.3842 0.0119
1.4267 0.0113
1.4423 0.0120
1.4437 0.0127
1.4440 0.0061
1.4446 0.0125
1.4483 0.0044
1.4497 0.0079
1.4525 0.0072
1.5078 0.0075
1.5085 0.0104
1.5201 0.0050
1.5366 0.0048
1.5475 0.0066
1.5487 0.0056
1.5567 0.0084
1.5743 0.0035
1.6110 0.0099
1.6222 0.0091
1.6233 0.0079
1.6349 0.0168
1.6396 0.0113
1.6542 0.0036
1.6570 0.0066
1.6624 0.0049
1.6642 0.0125
1.6673 0.0151
1.6835 0.0174
1.6929 0.0083
1.7021 0.0064
1.7034 0.0097
1.7081 0.0098
1.7127 0.0110
1.7183 0.0061
1.7297 0.0067
1.7323 0.0087
1.7428 0.0085
1.7499 0.0094
1.7539 0.0042
1.7644 0.0051
1.7757 0.0161
1.7883 0.0075
1.8333 0.0081
1.8462 0.0014
1.8501 0.0112
1.8549 0.0116
1.8914 0.0046
1.9017 0.0095
1.9092 0.0199
1.9206 0.0056
1.9291 0.0055
1.9585 0.0043
1.9636 0.0051
1.9769 0.0097
1.9828 0.0070
1.9970 0.0035
2.0143 0.0084
2.0218 0.0116
2.0307 0.0087
2.0398 0.0077
2.0411 0.0037
2.0513 0.0090
2.0598 0.0037
2.0636 0.0048
2.0704 0.0047
2.0716 0.0080
2.0739 0.0112
2.0860 0.0113
2.1039 0.0088
2.1063 0.0034
2.1167 0.0218
2.1353 0.0078
2.1622 0.0080
2.1647 0.0086
2.1802 0.0134
2.1841 0.0155
2.1869 0.0094
2.2439 0.0066
2.2669 0.0141
2.2692 0.0063
2.2906 0.0089
2.2919 0.0074
2.2978 0.0091
2.3191 0.0071
2.3249 0.0118
2.3428 0.0076
2.3478 0.0111
2.3826 0.0092
2.3836 0.0086
2.3940 0.0157
2.3960 0.0045
2.4162 0.0114
2.4245 0.0083
2.4383 0.0070
2.4640 0.0037
2.4717 0.0112
2.4804 0.0125
2.4817 0.0128
2.5012 0.0152
2.5198 0.0108
2.5297 0.0073
2.5468 0.0063
2.5677 0.0180
2.5885 0.0055
2.5917 0.0141
2.6242 0.0080
2.6365 0.0092
2.6374 0.0199
2.6517 0.0022
2.6568 0.0157
2.6693 0.0040
2.6752 0.0099
2.6770 0.0064
2.6851 0.0030
2.6947 0.0076
2.6954 0.0101
2.7326 0.0110
2.7342 0.0122
2.7448 0.0066
2.7614 0.0059
2.7649 0.0084
2.7876 0.0100
2.7959 0.0015
2.8037 0.0025
2.8352 0.0076
2.9056 0.0052
2.9105 0.0119
2.9145 0.0057
2.9157 0.0132
2.9228 0.0034
2.9334 0.0126
2.9410 0.0113
2.9468 0.0147
2.9643 0.0094
2.9701 0.0016
2.9759 0.0091
3.0415 0.0042
3.0445 0.0038
3.0472 0.0021
3.0590 0.0128
3.0613 0.0066
3.0655 0.0053
3.0728 0.0073
3.0894 0.0073
3.1192 0.0051
3.1273 0.0191
3.1400 0.0037
3.1628 0.0229
3.1657 0.0085
3.1699 0.0151
3.1771 0.0214
3.1853 0.0071
3.1964 0.0028
3.1987 0.0072
3.2057 0.0047
3.2133 0.0138
3.2149 0.0090
3.2184 0.0016
3.2299 0.0081
3.2515 0.0129
3.2674 0.0145
3.2810 0.0102
3.2868 0.0149
3.2897 0.0052
3.3067 0.0110
3.3082 0.0045
3.3339 0.0074
3.3347 0.0183
3.3365 0.0143
3.3864 0.0186
3.4061 0.0072
3.4158 0.0027
3.4293 0.0153
3.4306 0.0065
3.4378 0.0186
3.4413 0.0156
3.4556 0.0122
3.4907 0.0100
3.4933 0.0079
3.5005 0.0011
3.5259 0.0125
3.5294 0.0116
3.5581 0.0023
3.5778 0.0047
3.5886 0.0059
3.5953 0.0031
3.6049 0.0117
3.6114 0.0109
3.6285 0.0037
3.6401 0.0031
3.6554 0.0011
3.6701 0.0065
3.6801 0.0026
3.6803 0.0148
3.6959 0.0070
3.7377 0.0050
3.7384 0.0162
3.7572 0.0028
3.7610 0.0009
3.7629 0.0158
3.7690 0.0110
3.7704 0.0067
3.7813 0.0101
3.7896 0.0023
3.8029 0.0081
3.8489 0.0142
3.8549 0.0041
3.8554 0.0070
3.8662 0.0119
3.8769 0.0124
3.8965 0.0062
3.9000 0.0046
3.9046 0.0082
3.9173 0.0133
3.9299 0.0135
3.9367 0.0071
3.9381 0.0067
3.9464 0.0051
3.9782 0.0074
4.0034 0.0061
4.0171 0.0038
4.0279 0.0105
4.0416 0.0168
4.0555 0.0094
4.0618 0.0046
4.0650 0.0185
4.0740 0.0014
4.0750 0.0101
4.0969 0.0105
4.1007 0.0182
4.1056 0.0010
4.1085 0.0094
4.1095 0.0088
4.1317 0.0164
4.1361 0.0060
4.1387 0.0091
4.1458 0.0041
4.1596 0.0051
4.1667 0.0081
4.1736 0.0028
4.1741 0.0067
4.1757 0.0088
4.1828 0.0084
4.1838 0.0096
4.1904 0.0125
4.1962 0.0056
4.2162 0.0123
4.2378 0.0073
4.2406 0.0106
4.2419 0.0094
4.2556 0.0072
4.2778 0.0121
4.2963 0.0111
4.3036 0.0103
4.3063 0.0133
4.3093 0.0027
4.3237 0.0152
4.3241 0.0098
4.3267 0.0012
4.3343 0.0133
4.3437 0.0067
4.3519 0.0104
4.3620 0.0182
4.3787 0.0094
4.3905 0.0051
4.3950 0.0103
4.4084 0.0085
4.4628 0.0045
4.4629 0.0110
4.4666 0.0179
4.4906 0.0131
4.5055 0.0075
4.5098 0.0038
4.5160 0.0051
4.5212 0.0088
4.5266 0.0064
4.5692 0.0048
4.5811 0.0078
4.5867 0.0144
4.5930 0.0089
4.5941 0.0093
4.5980 0.0010
4.6200 0.0101
4.6203 0.0117
4.6311 0.0051
4.6519 0.0044
4.6539 0.0051
4.6712 0.0123
4.6817 0.0046
4.6868 0.0036
4.7045 0.0155
4.7089 0.0064
4.7155 0.0026
4.7366 0.0074
4.7417 0.0046
4.7460 0.0113
4.7499 0.0014
4.7539 0.0063
4.8042 0.0093
4.8219 0.0091
4.8392 0.0163
4.8396 0.0064
4.8508 0.0030
4.8555 0.0002
4.8670 0.0071
4.8681 0.0082
4.9185 0.0082
4.9211 0.0105
4.9558 0.0050
4.9677 0.0076
4.9723 0.0038
4.9843 0.0083
4.9931 0.0023
5.0093 0.0114
5.0240 0.0063
5.0243 0.0062
5.0282 0.0102
5.0317 0.0059
5.0320 0.0113
5.0508 0.0171
5.0545 0.0126
5.0548 0.0031
5.0726 0.0126
5.0823 0.0078
5.0972 0.0146
5.0978 0.0224
5.1318 0.0045
5.1399 0.0036
5.1406 0.0106
5.1463 0.0063
5.1568 0.0122
5.1609 0.0110
5.2277 0.0106
5.2412 0.0042
5.2765 0.0004
5.2849 0.0175
5.2883 0.0166
5.3423 0.0144
5.4157 0.0206
5.4214 0.0035
5.4477 0.0165
5.5011 0.0088
5.5042 0.0190
5.5264 0.0061
5.5381 0.0047
5.5486 0.0086
5.5828 0.0141
5.5951 0.0065
5.6181 0.0126
5.6298 0.0048
5.6443 0.0172
5.6473 0.0111
5.6608 0.0082
5.6722 0.0075
5.6752 0.0047
5.6770 0.0060
5.6819 0.0074
5.6821 0.0068
5.6834 0.0174
5.6935 0.0087
5.7007 0.0062
5.7056 0.0019
5.7110 0.0175
5.7213 0.0039
5.7585 0.0142
5.7621 0.0052
5.7680 0.0147
5.7699 0.0191
5.7745 0.0057
5.7754 0.0059
5.7876 0.0158
5.8105 0.0038
5.8156 0.0185
5.8671 0.0079
5.8898 0.0094
5.8920 0.0069
5.8942 0.0126
5.9277 0.0147
5.9359 0.0126
5.9512 0.0031
5.9744 0.0110
6.0163 0.0070
6.0299 0.0040
6.0470 0.0067
6.0473 0.0094
6.0486 0.0137
6.0502 0.0141
6.0572 0.0075
6.0745 0.0049
6.0778 0.0164
6.0790 0.0139
6.1094 0.0115
6.1365 0.0118
6.1446 0.0085
6.1511 0.0040
6.1512 0.0072
6.1596 0.0068
6.2037 0.0047
6.2094 0.0091
6.2146 0.0083
6.2151 0.0115
6.2343 0.0051
6.2385 0.0101
6.2716 0.0087
6.2814 0.0067
6.2846 0.0146
6.3062 0.0107
6.3205 0.0083
6.3206 0.0090
6.3288 0.0183
6.3324 0.0103
6.3555 0.0183
6.3739 0.0071
6.3879 0.0156
6.4069 0.0046
6.4099 0.0128
6.4331 0.0086
6.4348 0.0060
6.4363 0.0150
6.4698 0.0072
6.4858 0.0101
6.5049 0.0029
6.5612 0.0044
6.5641 0.0153
6.5659 0.0105
6.6008 0.0167
6.6125 0.0068
6.6175 0.0072
6.6184 0.0045
6.6320 0.0037
6.6420 0.0057
6.6613 0.0093
6.6825 0.0188
6.6959 0.0057
6.6970 0.0124
6.7016 0.0117
6.7055 0.0088
6.7148 0.0016
6.7211 0.0177
6.7232 0.0176
6.7324 0.0006
6.7340 0.0134
6.7501 0.0084
6.7535 0.0127
6.7585 0.0128
6.8014 0.0063
6.8034 0.0049
6.8059 0.0094
6.8183 0.0100
6.8236 0.0046
6.8348 0.0110
6.8665 0.0061
6.8743 0.0168
6.8846 0.0040
6.8930 0.0136
6.9311 0.0143
6.9405 0.0052
6.9495 0.0123
6.9562 0.0045
6.9830 0.0053
6.9944 0.0071
7.0149 0.0128
7.0466 0.0083
7.0586 0.0055
7.0788 0.0055
7.0848 0.0151
7.0886 0.0028
7.1618 0.0041
7.1745 0.0099
7.1749 0.0080
7.1820 0.0109
7.1954 0.0067
7.2206 0.0073
7.2299 0.0057
7.2391 0.0075
7.2440 0.0113
7.2549 0.0092
7.2714 0.0092
7.2744 0.0099
7.2825 0.0071
7.2861 0.0129
7.2907 0.0049
7.3024 0.0035
7.3247 0.0044
7.3417 0.0151
7.3510 0.0123
7.3539 0.0046
7.3639 0.0095
7.3785 0.0086
7.3790 0.0123
7.3934 0.0082
7.4039 0.0181
7.4044 0.0163
7.4051 0.0133
7.4150 0.0062
7.4327 0.0094
7.4442 0.0065
7.4552 0.0037
7.4640 0.0157
7.4742 0.0115
7.4775 0.0067
7.4782 0.0085
7.4826 0.0042
7.4905 0.0128
7.4980 0.0110
7.5100 0.0134
7.5173 0.0066
7.5216 0.0023
7.5275 0.0045
7.5312 0.0066
7.5374 0.0085
7.5519 0.0091
7.5534 0.0075
7.5584 0.0145
7.5744 0.0038
7.6090 0.0130
7.6115 0.0076
7.6288 0.0037
7.6307 0.0081
7.6392 0.0103
7.6479 0.0057
7.6545 0.0116
7.6605 0.0116
7.6808 0.0016
7.7320 0.0101
7.7376 0.0143
7.7465 0.0053
7.7573 0.0048
7.7787 0.0081
7.7879 0.0061
7.8147 0.0066
7.8266 0.0136
7.8270 0.0069
7.8390 0.0152
7.9242 0.0173
7.9319 0.0044
7.9353 0.0051
7.9488 0.0037
7.9666 0.0043
7.9720 0.0039
7.9725 0.0137
8.0010 0.0125
8.0039 0.0098
8.0201 0.0073
8.0368 0.0076
8.0369 0.0208
8.0586 0.0081
8.0630 0.0076
8.0819 0.0036
8.0971 0.0164
8.1022 0.0127
8.1048 0.0146
8.1079 0.0055
8.1169 0.0038
8.1197 0.0055
8.1474 0.0078
8.1501 0.0090
8.1542 0.0141
8.1880 0.0138
8.2090 0.0152
8.2112 0.0067
8.2162 0.0049
8.2373 0.0158
8.2478 0.0043
8.2674 0.0014
8.2779 0.0115
8.2825 0.0059
8.3165 0.0149
8.3285 0.0157
8.3501 0.0080
8.3585 0.0035
8.3612 0.0124
8.3666 0.0070
8.3839 0.0089
8.4023 0.0103
8.4144 0.0154
8.4364 0.0102
8.4449 0.0101
8.4543 0.0151
8.4669 0.0026
8.4864 0.0066
8.4980 0.0161
8.5042 0.0049
8.5052 0.0022
8.5369 0.0087
8.5387 0.0168
8.5488 0.0183
8.5504 0.0087
8.5509 0.0182
8.5526 0.0055
8.5622 0.0079
8.5864 0.0008
8.5966 0.0044
8.6088 0.0158
8.6102 0.0071
8.6434 0.0032
8.6620 0.0062
8.6805 0.0115
8.6952 0.0146
8.7041 0.0119
8.7058 0.0092
8.7061 0.0040
8.7377 0.0149
8.7387 0.0022
8.7424 0.0110
8.7556 0.0017
8.7788 0.0061
8.7815 0.0039
8.7891 0.0031
8.8179 0.0095
8.8302 0.0054
8.8303 0.0072
8.8314 0.0083
8.8472 0.0106
8.8578 0.0089
8.8584 0.0107
8.8729 0.0122
8.8854 0.0084
8.9094 0.0105
8.9100 0.0083
8.9158 0.0070
8.9219 0.0216
8.9272 0.0120
8.9303 0.0135
8.9514 0.0050
8.9552 0.0095
8.9603 0.0050
8.9751 0.0103
8.9825 0.0153
9.0199 0.0024
9.0416 0.0153
9.0529 0.0200
9.0820 0.0044
9.0872 0.0154
9.0933 0.0083
9.0964 0.0149
9.1048 0.0060
9.1150 0.0113
9.1199 0.0168
9.1276 0.0034
9.1284 0.0080
9.1342 0.0046
9.1409 0.0015
9.1523 0.0026
9.1629 0.0011
9.1781 0.0047
9.1913 0.0134
9.2141 0.0114
9.2595 0.0245
9.2688 0.0095
9.2728 0.0081
9.2768 0.0116
9.2835 0.0054
9.2897 0.0075
9.3278 0.0102
9.3329 0.0103
9.3422 0.0057
9.3460 0.0125
9.3472 0.0059
9.3515 0.0086
9.3550 0.0121
9.3560 0.0118
9.3671 0.0108
9.3739 0.0076
9.3789 0.0085
9.3974 0.0065
9.4383 0.0039
9.4528 0.0057
9.4637 0.0184
9.5078 0.0065
9.5238 0.0144
9.5288 0.0059
9.5600 0.0108
9.5731 0.0090
9.6707 0.0059
9.7050 0.0202
9.7332 0.0058
9.7480 0.0126
9.7492 0.0068
9.7804 0.0045
9.8076 0.0136
9.8222 0.0106
9.8411 0.0141
9.8494 0.0160
9.8530 0.0137
9.8857 0.0118
9.9017 0.0085
9.9017 0.0098
9.9242 0.0003
9.9268 0.0042
9.9284 0.0031
9.9457 0.0081
9.9463 0.0101
9.9491 0.0090
9.9538 0.0079
9.9563 0.0231
9.9832 0.0077
9.9837 0.0033
9.9941 0.0129
9.9985 0.0034
