
L = 0.03
0.3590 0.5945 0.0000
0.3738 0.2199 0.0000
0.3750 0.1685 0.0000
0.3881 0.2202 0.0000
0.5010 0.1749 0.0000
0.5608 0.1711 0.0000
0.5929 0.1537 0.0000
0.6145 0.1690 0.0000
0.6256 0.2469 0.0000
0.6424 0.2146 0.0000
0.6508 0.5355 0.0000
0.6702 0.1615 0.0000
0.7649 0.2910 0.0000
0.7750 0.2586 0.0000
0.7876 0.2222 0.0000
0.7947 0.2189 0.0000
0.8225 0.6655 0.0000
0.8602 0.1676 0.0000
0.8660 0.3133 0.0000
0.8732 0.1608 0.0000
0.9115 0.1531 0.0000
0.9275 0.6277 0.0000
0.9443 0.0999 0.0000
0.9445 0.6975 0.0000
0.9537 0.0982 0.0000
0.9650 0.2034 0.0000
0.9770 0.0483 0.0000
0.9779 0.2266 0.0000
1.0452 0.9611 0.0000
1.0578 0.1892 0.0000
1.0871 0.0230 0.0000
1.1030 1.0916 0.0000
1.1170 0.1796 0.0000
1.1208 0.2182 0.0000
1.1261 0.1610 0.0000
1.1367 0.4422 0.0000
1.1457 0.3128 0.0000
1.1610 0.5666 0.0000
1.2044 0.8924 0.0000
1.2863 0.2314 0.0000
1.3141 0.3419 0.0000
1.3228 0.2221 0.0000
1.3823 0.3854 0.0000
1.3986 0.1387 0.0000
1.4087 0.3860 0.0000
1.4096 0.2821 0.0000
1.4171 0.1620 0.0000
1.4507 0.2337 0.0000
1.4539 0.0979 0.0000
1.4578 0.0889 0.0000
1.4829 0.3254 0.0000
1.5657 0.1688 0.0000
1.6199 0.5251 0.0000
1.6523 0.3628 0.0000
1.6962 0.4977 0.0000
1.7206 0.0972 0.0000
1.7692 0.1660 0.0000
1.7704 0.0116 0.0081
1.7961 0.6301 0.0000
1.8040 0.1004 0.0000
1.8548 0.0780 0.0000
1.9286 0.7106 0.0000
2.0482 0.2102 0.0000
2.0940 1.3344 0.0000
2.1078 0.3797 0.0000
2.1084 0.1646 0.0000
2.1095 0.2125 0.0000
2.1239 0.0695 0.0000
2.1409 0.0787 0.0000
2.1450 0.0555 0.0000
2.1508 0.9531 0.0000
2.1877 0.3104 0.0000
2.2132 0.1945 0.0000
2.2229 0.2671 0.0000
2.2273 0.2432 0.0000
2.2869 0.8614 0.0000
2.3170 0.2398 0.0000
2.3334 0.0997 0.0000
2.3336 0.3289 0.0000
2.3459 0.2881 0.0000
2.3481 0.0281 0.0000
2.3652 0.6828 0.0000
2.3853 0.2052 0.0000
2.4241 0.2897 0.0000
2.4519 0.2056 0.0000
2.4623 0.3986 0.0000
2.4719 0.2197 0.0000
2.4777 0.2090 0.0000
2.5849 0.2008 0.0000
2.6326 0.3625 0.0000
2.6328 0.2175 0.0000
2.6410 0.3324 0.0000
2.6424 0.1836 0.0000
2.6438 0.1962 0.0000
2.6922 0.0303 0.0000
2.6930 0.1453 0.0000
2.7234 0.3768 0.0000
2.7444 0.0946 0.0000
2.7922 0.3190 0.0000
2.7968 0.2552 0.0000
2.8133 0.3619 0.0000
2.8511 0.4390 0.0000
2.8855 0.3594 0.0000
2.8946 0.6554 0.0000
2.9185 0.0000 0.1159
2.9186 0.3277 0.0000
2.9202 0.3126 0.0000
2.9452 0.1421 0.0000
2.9493 0.1237 0.0000
2.9578 0.5208 0.0000
3.0013 0.1513 0.0000
3.0236 0.3406 0.0000
3.0713 0.1015 0.0000
3.0816 0.0896 0.0000
3.1043 0.2248 0.0000
3.1288 0.2323 0.0000
3.1320 0.0300 0.0000
3.1342 0.1396 0.0000
3.1471 0.2378 0.0000
3.1570 0.1881 0.0000
3.3342 0.6804 0.0000
3.3492 0.0699 0.0000
3.4059 0.3782 0.0000
3.4380 1.0996 0.0000
3.4953 0.1354 0.0000
3.5058 0.1799 0.0000
3.5504 0.4290 0.0000
3.5538 0.1240 0.0000
3.5942 0.3153 0.0000
3.6077 0.1662 0.0000
3.6118 0.5248 0.0000
3.6319 0.2974 0.0000
3.7109 0.0000 0.2184
3.7297 0.8562 0.0000
3.7414 0.5259 0.0000
3.7640 0.2103 0.0000
3.7744 0.2719 0.0000
3.8037 0.3237 0.0000
3.8410 0.2174 0.0000
3.8607 0.1638 0.0000
3.9158 0.1442 0.0000
3.9336 0.1932 0.0000
3.9344 0.0713 0.0000
3.9439 0.0000 0.0814
3.9587 0.0866 0.0000
3.9694 0.2824 0.0000
3.9813 0.6846 0.0000
4.0380 0.0000 0.0683
4.1263 0.2445 0.0000
4.1772 0.3933 0.0000
4.1905 0.2176 0.0000
4.2230 0.1176 0.0000
4.2820 0.0681 0.0000
4.2993 0.2564 0.0000
4.3104 0.1307 0.0000
4.3259 0.1919 0.0000
4.3539 0.0881 0.0000
4.3592 0.0923 0.0000
4.3964 0.3424 0.0000
4.3981 0.0305 0.0000
4.4048 0.1955 0.0000
4.4178 0.1959 0.0000
4.4577 0.0347 0.0000
4.4813 0.1524 0.0000
4.5303 0.1894 0.0000
4.5444 0.2029 0.0000
4.5607 0.1430 0.0000
4.5709 0.0921 0.0000
4.6011 0.2107 0.0000
4.6229 0.1028 0.0000
4.6345 0.6006 0.0000
4.6499 0.2712 0.0000
4.6985 0.2424 0.0000
4.7566 0.1492 0.0000
4.7725 0.1346 0.0000
4.8524 0.3904 0.0000
4.9126 0.2156 0.0000
4.9402 0.2341 0.0000
4.9481 0.0000 0.2301
4.9492 0.2481 0.0000
4.9627 0.1240 0.0000
5.0406 0.2961 0.0000
5.0938 0.2578 0.0000
5.0960 0.0000 0.1729
5.1121 0.0918 0.0000
5.1539 0.1310 0.0000
5.1632 0.2005 0.0000
5.1778 0.2131 0.0000
5.1950 0.1135 0.0000
5.2166 0.0651 0.0000
5.2312 0.1188 0.0000
5.2343 0.1605 0.0000
5.2462 0.0798 0.0000
5.2677 0.3037 0.0000
5.2966 0.1499 0.0000
5.3318 0.4434 0.0000
5.4147 0.1657 0.0000
5.4361 0.0998 0.0000
5.6223 0.2621 0.0000
5.6787 0.2481 0.0000
5.6957 0.1102 0.0000
5.7513 0.2703 0.0000
5.7686 0.3656 0.0000
5.7807 0.2956 0.0000
5.8309 0.2856 0.0000
5.8834 0.1949 0.0000
5.9106 0.2639 0.0000
5.9194 0.4975 0.0000
5.9777 0.1875 0.0000
6.0006 0.2696 0.0000
6.0254 0.3311 0.0000
6.0533 0.2775 0.0000
6.0579 0.2040 0.0000
6.0851 0.0000 0.2652
6.1037 0.4046 0.0000
6.1220 0.3527 0.0000
6.1250 0.1703 0.0000
6.1882 0.0000 1.5384
6.2422 0.2011 0.0000
6.2528 0.0000 0.2641
6.4242 0.1172 0.0000
6.4311 0.1966 0.0000
6.4417 0.0338 0.0000
6.5096 0.7307 0.0000
6.5381 0.1575 0.0000
6.5463 0.0329 0.0000
6.6165 0.2248 0.0000
6.6722 0.2116 0.0000
6.6753 0.2668 0.0000
6.7092 0.2124 0.0000
6.7599 0.0642 0.0000
6.7702 0.0566 0.0000
6.7755 0.0481 0.0000
6.8208 0.3959 0.0000
6.8681 0.2308 0.0000
6.9021 0.2247 0.0000
6.9414 0.3108 0.0000
6.9421 0.1119 0.0000
7.0372 0.1053 0.0000
7.0438 0.0000 0.2770
7.0540 0.1262 0.0000
7.2250 0.6426 0.0000
7.3523 0.1249 0.0000
7.3539 0.2083 0.0000
7.4064 0.0000 0.4769
7.4158 0.2408 0.0000
7.4314 0.3288 0.0000
7.4805 0.1125 0.0000
7.4878 0.8814 0.0000
7.5045 0.0705 0.0000
7.5046 0.0000 0.1327
7.5076 0.5059 0.0000
7.5530 0.3552 0.0000
7.5777 0.2676 0.0000
7.6004 0.2275 0.0000
7.6090 0.0686 0.0000
7.6118 0.5800 0.0000
7.6241 0.2911 0.0000
7.6492 0.9907 0.0000
7.6756 0.1510 0.0000
7.7113 0.2641 0.0000
7.7176 0.0920 0.0000
7.7651 0.2716 0.0000
7.7959 0.1260 0.0000
7.8248 0.0000 0.1159
7.8411 0.0000 0.2102
7.8918 0.2233 0.0000
7.9113 0.2872 0.0000
7.9479 0.3435 0.0000
7.9566 0.1575 0.0000
7.9948 0.1091 0.0000
7.9965 0.1563 0.0000
8.0222 0.2733 0.0000
8.0425 0.0406 0.0000
8.0499 0.0749 0.0000
8.0583 0.1230 0.0000
8.0605 0.1450 0.0000
8.0871 0.7528 0.0000
8.0875 0.0866 0.0000
8.0877 0.1640 0.0000
8.0954 0.3273 0.0000
8.1068 0.0000 0.0820
8.1305 0.0000 0.3103
8.2248 0.0000 0.2661
8.2485 0.1583 0.0000
8.3031 0.0000 0.5300
8.3431 0.6944 0.0000
8.3617 0.0475 0.0000
8.3621 0.0000 0.0895
8.3811 0.1247 0.0000
8.3927 0.2064 0.0000
8.4139 0.3079 0.0000
8.4192 0.2686 0.0000
8.4546 0.2706 0.0000
8.4547 0.0000 1.5074
8.4724 0.1464 0.0000
8.4833 0.4068 0.0000
8.4992 0.2312 0.0000
8.6092 0.1306 0.0000
8.6957 0.0870 0.0000
8.6987 0.0341 0.0000
8.7012 0.0000 0.0767
8.7168 0.1441 0.0000
8.7248 0.2685 0.0000
8.7298 0.1726 0.0000
8.7391 0.4179 0.0000
8.7574 0.2429 0.0000
8.7801 0.2356 0.0000
8.7821 0.1614 0.0000
8.8158 0.1560 0.0000
8.8785 0.1206 0.0000
8.9473 0.0000 0.4523
8.9603 0.0975 0.0000
8.9694 0.0000 1.3758
8.9924 0.1810 0.0000
9.0158 0.0626 0.0000
9.0580 0.3457 0.0000
9.0945 0.1718 0.0000
9.1041 0.0000 0.2558
9.1087 0.2261 0.0000
9.1380 0.1804 0.0000
9.1524 0.1894 0.0000
9.1805 0.0000 0.0975
9.1968 0.4347 0.0000
9.1975 0.1764 0.0000
9.2145 0.1636 0.0000
9.2610 0.1721 0.0000
9.2635 0.0000 1.0597
9.3036 0.0000 0.4645
9.3046 0.7417 0.0000
9.3125 0.6852 0.0000
9.3456 0.0000 0.1125
9.3940 0.0907 0.0000
9.3965 0.4788 0.0000
9.4004 0.0626 0.0000
9.4018 0.6850 0.0000
9.4432 0.0689 0.0000
9.4809 0.0000 0.7212
9.5173 0.0000 0.2696
9.5963 0.2044 0.0000
9.6376 0.2045 0.0000
9.6745 0.4372 0.0000
9.7550 0.3280 0.0000
9.7632 0.1496 0.0000
9.8050 0.0000 0.3380
9.8181 0.5179 0.0000
9.8252 0.0000 0.4601
9.9161 0.1747 0.0000
9.9551 0.1565 0.0000
9.9619 0.2796 0.0000
10.0602 0.0000 1.2036
10.0704 0.6690 0.0000
10.0810 0.6431 0.0000
10.0845 0.8460 0.0000
10.1135 0.1881 0.0000
10.1342 0.2184 0.0000
10.1491 0.0000 0.0307
10.1721 0.0000 0.0495
10.1820 0.0000 0.1178
10.2196 0.1334 0.0000
10.2745 0.1958 0.0000
10.2954 0.0000 0.2753
10.3028 0.8520 0.0000
10.3297 0.1962 0.0000
10.3382 0.1191 0.0000
10.3648 0.7747 0.0000
10.3712 0.1466 0.0000
10.3812 0.0000 0.2098
10.3926 0.1605 0.0000
10.4327 0.0000 0.2589
10.4627 0.1742 0.0000
10.4691 0.0627 0.0000
10.5073 0.1013 0.0000
10.5252 0.3127 0.0000
10.5511 0.2230 0.0000
10.5584 0.1917 0.0000
10.5609 0.0000 0.4990
10.5782 0.6827 0.0000
10.6395 0.4690 0.0000
10.6899 0.3879 0.0000
10.6917 0.1280 0.0000
10.7028 0.0000 0.1085
10.7429 0.0945 0.0000
10.7483 0.0714 0.0000
10.7588 0.0855 0.0000
10.7634 0.0000 0.0842
10.7755 0.1563 0.0000
10.7961 0.0987 0.0000
10.8521 0.0000 0.4221
10.8639 0.4606 0.0000
10.8914 0.0000 0.5707
10.8945 0.1206 0.0000
10.9087 0.2520 0.0000
10.9256 0.2597 0.0000
10.9257 0.1876 0.0000
10.9842 0.0000 0.2423
10.9875 0.0000 0.1704
11.0672 0.1038 0.0000
11.0862 0.0632 0.0000
11.1192 0.0000 0.1118
11.1824 0.1323 0.0000
11.2200 0.1437 0.0000
11.2462 0.0000 1.0053
11.2856 0.0000 0.0327
11.2966 0.2418 0.0000
11.3139 0.0877 0.0000
11.3196 0.1321 0.0000
11.3315 0.2201 0.0000
11.3695 0.1411 0.0000
11.3763 0.0000 0.4215
11.4036 0.0006 -0.0007
11.4065 0.2242 0.0000
11.4104 0.0709 0.0000
11.4255 0.0000 0.7601
11.4470 0.0950 0.0000
11.5378 0.7961 0.0000
11.5713 0.8656 0.0000
11.5818 0.0000 0.0325
11.5986 0.2549 0.0000
11.7634 0.0000 0.4990
11.7724 0.1343 0.0000
11.7835 0.0000 0.5046
11.8001 0.0000 0.4734
11.8304 0.1738 0.0000
11.9114 0.0000 0.0444
11.9435 0.1783 0.0000
11.9570 0.2211 0.0000
11.9669 0.0736 0.0000
11.9946 0.1941 0.0000
12.0137 0.1266 0.0000
12.0707 0.2205 0.0000
12.1111 0.0000 0.3565
12.1129 0.1691 0.0000
12.1133 0.0000 0.2630
12.1158 0.0000 0.4579
12.1999 0.0000 0.1699
12.3211 0.1880 0.0000
12.3621 0.0000 0.1883
12.3829 0.2006 0.0000
12.3890 0.3610 0.0000
12.4117 0.1888 0.0000
12.4153 0.5583 0.0000
12.4373 0.0456 0.0000
12.4431 0.7342 0.0000
12.4652 0.2409 0.0000
12.5074 0.0000 0.2704
12.5586 0.1705 0.0000
12.6093 0.0564 0.0000
12.6206 1.1157 0.0000
12.6315 0.0000 0.2030
12.6590 0.0627 0.0000
12.6631 0.3528 0.0000
12.6680 0.2452 0.0000
12.7448 0.1299 0.0000
12.7692 0.0000 0.0560
12.9020 1.1149 0.0000
12.9274 0.0000 0.7924
12.9315 0.0000 0.1113
12.9633 0.0000 0.5407
12.9895 0.3843 0.0000
13.0251 0.2842 0.0000
13.0333 0.0000 0.3990
13.0354 0.0000 0.1180
13.0646 0.0000 0.2835
13.0885 0.3081 0.0000
13.1200 0.0000 0.3839
13.1301 0.0589 0.0000
13.1564 0.2122 0.0000
13.2010 0.0000 1.1390
13.2170 0.0000 0.3868
13.2208 0.0000 0.2750
13.2870 0.0000 0.3505
13.3547 0.0000 0.1792
13.4365 0.0000 0.5826
13.4383 0.0000 0.0952
13.4740 0.0000 0.0513
13.4919 0.1378 0.0000
13.4959 0.0000 0.9993
13.5209 0.0000 0.3039
13.5302 0.0000 0.1602
13.5873 0.2162 0.0000
13.5952 0.0000 0.0918
13.6538 0.2446 0.0000
13.6965 0.2959 0.0000
13.7359 0.0000 0.0887
13.7395 0.1644 0.0000
13.7467 0.1861 0.0000
13.8267 0.1116 0.0000
13.8638 0.0000 0.3851
13.9005 0.1202 0.0000
13.9636 0.1450 0.0000
13.9705 0.0000 0.2186
14.0206 0.1298 0.0000
14.0726 0.2336 0.0000
14.1320 0.0000 1.7667
14.1337 0.7228 0.0000
14.1370 0.0000 0.3454
14.1398 0.1517 0.0000
14.1484 0.2078 0.0000
14.1856 0.0000 0.0953
14.2108 0.2332 0.0000
14.2198 0.0000 0.1355
14.2240 0.0000 0.4084
14.2562 0.0000 0.1126
14.2592 0.0739 0.0000
14.2696 1.0738 0.0000
14.3572 0.0000 0.3535
14.3579 0.0000 0.1160
14.3662 0.2345 0.0000
14.3732 0.0000 0.2595
14.3806 0.2324 0.0000
14.3994 0.1492 0.0000
14.4042 0.0000 0.4564
14.4330 0.0000 0.4609
14.4647 0.0000 1.0086
14.4850 0.3298 0.0000
14.4917 0.2274 0.0000
14.5073 0.1796 0.0000
14.5141 0.1392 0.0000
14.6031 0.0000 0.5081
14.6531 0.0000 0.0856
14.6554 0.1786 0.0000
14.7038 0.0000 0.1696
14.8118 0.2171 0.0000
14.8462 0.1725 0.0000
14.8811 0.2129 0.0000
14.9153 0.0000 0.1231
14.9397 0.0000 0.1565
14.9584 0.0000 0.1803
14.9972 0.2160 0.0000
14.9983 0.0000 0.2591
15.0066 0.4993 0.0000
15.0206 0.2143 0.0000
15.0666 0.2908 0.0000
15.0696 0.0000 0.2761
15.1424 0.0000 0.2022
15.1607 0.1736 0.0000
15.1723 0.1863 0.0000
15.1764 0.1675 0.0000
15.1791 0.1667 0.0000
15.1983 0.0215 0.0000
15.2551 0.0000 0.9522
15.2866 0.3489 0.0000
15.3036 0.2334 0.0000
15.3115 0.1269 0.0000
15.3139 0.0000 0.0843
15.3947 0.0000 0.7372
15.4188 0.0000 0.1690
15.4258 0.0000 0.3005
15.4263 0.0000 0.5129
15.4666 0.0218 -0.0039
15.5043 0.1458 0.0000
15.5077 0.1361 0.0000
15.5125 0.2219 0.0000
15.5156 0.0000 0.2252
15.5487 0.0000 0.0317
15.5746 0.1137 0.0000
15.6011 0.7438 0.0000
15.6293 0.0000 0.1317
15.6605 0.1026 0.0000
15.6818 0.3466 0.0000
15.6985 0.0647 0.0000
15.7217 0.2858 0.0000
15.7680 0.0000 0.1043
15.7840 0.0000 0.5081
15.8160 0.1628 0.0000
15.8324 0.0853 0.0000
15.8423 0.1431 0.0000
15.8495 0.0000 0.1833
15.9015 0.1943 0.0000
15.9125 0.3129 0.0000
15.9131 0.2312 0.0000
15.9246 0.2203 0.0000
15.9284 0.3756 0.0000
15.9360 0.4854 0.0000
15.9374 0.0000 0.2921
16.0118 0.0000 0.3123
16.0196 0.0000 0.2574
16.0487 0.2351 0.0000
16.0496 0.1451 0.0000
16.0889 1.1565 0.0000
16.0937 0.3792 0.0000
16.0957 0.0000 0.2978
16.1151 0.0000 0.2426
16.3217 0.0000 0.1748
16.3492 0.0000 0.2568
16.3636 0.1295 0.0000
16.3662 0.0000 0.1476
16.4065 0.0981 0.0000
16.4152 0.0000 0.2947
16.4351 0.0000 0.4180
16.4371 0.0000 0.3273
16.4497 1.0501 0.0000
16.4535 0.0000 0.1693
16.4634 0.0445 0.0000
16.5213 0.0000 0.4333
16.5364 0.0000 0.2386
16.5489 0.2991 0.0000
16.5499 0.1545 0.0000
16.5768 0.0000 0.1277
16.6368 0.2650 0.0000
16.7411 0.0000 0.4475
16.8474 0.0961 0.0000
16.8708 0.1764 0.0000
16.8708 0.0000 0.1139
16.9380 0.1704 0.0000
16.9434 0.0000 0.1260
16.9493 0.0000 0.1005
16.9616 0.0000 1.5847
16.9718 0.0000 0.0894
17.0107 0.2366 0.0000
17.0194 0.1703 0.0000
17.0315 0.0829 0.0000
17.0799 0.5676 0.0000
17.0846 0.1826 0.0000
17.0910 0.2521 0.0000
17.1070 0.2246 0.0000
17.1216 0.0000 0.1168
17.1296 0.1950 0.0000
17.1396 0.1751 0.0000
17.1481 0.0000 0.1126
17.1939 0.2852 0.0000
17.1980 0.1493 0.0000
17.2053 0.1657 0.0000
17.2089 0.5046 0.0000
17.2443 0.1021 0.0000
17.2587 0.0000 0.1049
17.2728 0.0000 0.1195
17.2848 0.1478 0.0000
17.3347 0.0109 0.0000
17.3478 0.2642 0.0000
17.3808 0.0000 0.2455
17.3959 0.0000 0.2186
17.4619 0.0000 0.4120
17.4672 0.4609 0.0000
17.4684 0.0000 0.7463
17.4989 0.1398 0.0000
17.5298 0.1877 0.0000
17.5317 0.0423 0.0000
17.5429 0.3649 0.0000
17.5567 0.3087 0.0000
17.5639 0.0000 0.0615
17.5903 0.1760 0.0000
17.6623 0.0000 0.3829
17.6971 0.0000 0.2588
17.6987 0.2559 0.0000
17.7059 0.2556 0.0000
17.7344 0.0000 0.3204
17.7346 0.0000 0.4152
17.7777 0.0000 0.2086
17.7949 0.0000 0.3652
17.8119 0.0000 0.4158
17.8374 0.0000 1.6170
17.8468 0.2086 0.0000
17.8722 0.0834 0.0000
17.9096 0.0375 0.0000
17.9109 0.0701 0.0000
17.9272 0.2192 0.0000
17.9370 1.0748 0.0000
17.9829 0.0000 0.0675
18.0207 0.9064 0.0000
18.0372 0.2442 0.0000
18.0782 0.1362 0.0000
18.1139 0.4214 0.0000
18.1386 0.0000 0.5959
18.1487 0.0000 0.1313
18.1721 0.0000 0.3183
18.2117 0.3163 0.0000
18.2212 0.3822 0.0000
18.2329 0.3227 0.0000
18.2331 0.1833 0.0000
18.2477 0.0000 0.2993
18.3046 0.0000 0.1180
18.3222 0.0000 0.1519
18.3268 0.0000 0.6332
18.3271 0.0000 0.0123
18.3283 0.0000 0.2125
18.3513 0.0000 0.0750
18.3530 0.2504 0.0000
18.4172 0.0631 0.0000
18.4354 0.0000 0.1030
18.4470 0.0267 0.0000
18.4649 0.0937 0.0000
18.4750 0.0000 0.8989
18.5130 0.0000 1.5063
18.5348 0.0000 0.1311
18.5664 0.1868 0.0000
18.5683 0.0000 0.3910
18.5743 0.2463 0.0000
18.5761 0.0965 0.0000
18.5913 0.0842 0.0000
18.6214 0.0000 0.4821
18.6358 0.0704 0.0000
18.6500 0.0000 0.1399
18.6709 0.0000 0.1555
18.7035 0.0000 0.2799
18.7052 0.0000 0.2691
18.8450 0.0000 0.2326
18.8745 0.0000 0.1290
18.8754 0.0816 0.0000
18.9320 0.0000 0.1981
18.9384 0.0000 0.1205
18.9426 0.3883 0.0000
18.9743 0.2362 0.0000
19.0552 0.0000 0.1562
19.1300 0.0000 0.0870
19.1399 0.1094 0.0000
19.1460 0.2303 0.0000
19.1746 0.0000 0.2586
19.1809 0.0000 0.2404
19.1967 0.5032 0.0000
19.2047 0.0693 0.0000
19.2148 0.0000 0.4192
19.2338 0.1475 0.0000
19.2533 0.1855 0.0000
19.2718 0.2244 0.0000
19.3133 0.1103 0.0000
19.3301 0.0000 0.2604
19.3628 0.0000 0.1034
19.3664 0.5630 0.0000
19.4229 0.0000 0.1949
19.4490 0.0869 0.0000
19.4566 0.1758 0.0000
19.5104 0.0000 0.1349
19.5288 0.0327 0.0000
19.5304 0.0000 0.1894
19.5485 0.1404 0.0000
19.5505 0.0000 0.2277
19.6103 0.0000 0.0696
19.6241 0.2175 0.0000
19.6501 0.0000 0.1274
19.6701 0.0000 0.1438
19.7594 0.2046 0.0000
19.8124 0.0000 0.4548
19.8226 0.0000 0.3321
19.8277 0.1760 0.0000
19.8658 0.0000 0.4821
19.8854 0.0000 0.5408
19.8892 0.1921 0.0000
19.9186 0.0275 0.0000
19.9803 0.3285 0.0000
20.0062 0.0000 0.1386
20.0469 0.7017 0.0000
20.0579 0.6804 0.0000
20.0871 0.6027 0.0000
20.1834 0.7682 0.0000
20.2547 0.1751 0.0000
20.2770 0.0000 0.1482
20.2944 0.3079 0.0000
20.3278 0.2535 0.0000
20.3314 0.0000 0.1881
20.3516 0.1130 0.0000
20.3584 0.5676 0.0000
20.4098 0.1868 0.0000
20.4164 0.1870 0.0000
20.4572 0.1574 0.0000
20.4646 0.1916 0.0000
20.4671 0.0649 0.0000
20.4757 0.0000 0.2333
20.5056 0.0000 0.1410
20.5520 0.0000 0.3513
20.5559 0.2571 0.0000
20.6492 0.1398 0.0000
20.6734 0.0000 0.3991
20.6881 0.0000 0.2112
20.7262 0.0000 0.1970
20.7452 0.1617 0.0000
20.7515 0.0680 0.0000
20.7795 0.0000 0.6426
20.8051 0.2896 0.0000
20.8439 0.0000 0.2282
20.8580 0.0000 0.2310
20.8652 0.3190 0.0000
20.8884 0.3071 0.0000
20.8908 0.0000 0.5594
20.9107 0.1162 0.0000
20.9252 0.0000 0.2296
20.9354 0.0000 0.1508
20.9442 0.1560 0.0000
20.9840 0.1842 0.0000
20.9994 0.2126 0.0000
21.0019 0.1942 0.0000
21.0055 0.0000 0.2376
21.0199 0.3055 0.0000
21.0584 0.0000 0.2077
21.0822 0.0000 0.1899
21.1399 0.0000 0.2538
21.1586 0.0675 0.0000
21.3070 0.0000 0.5860
21.3671 0.3482 0.0000
21.3784 0.0000 0.6890
21.3969 0.0467 0.0000
21.3975 0.1365 0.0000
21.4558 0.2615 0.0000
21.5047 0.7455 0.0000
21.5140 0.1183 0.0000
21.5259 0.2079 0.0000
21.5617 0.0000 0.2036
21.6468 0.0000 0.4194
21.7073 0.1474 0.0000
21.7095 0.1832 0.0000
21.7803 0.1039 0.0000
21.7949 0.1218 0.0000
21.8060 0.3981 0.0000
21.8147 0.1761 0.0000
21.8348 0.0000 0.4120
21.8796 0.1151 0.0000
21.8831 0.0000 0.1380
21.8836 0.0000 0.2370
21.9081 0.0000 0.3142
21.9742 1.0208 0.0000
22.0062 0.0000 0.2692
22.0193 0.0000 0.3946
22.0359 0.0000 0.3135
22.1250 0.2743 0.0000
22.1339 0.2950 0.0000
22.1609 0.0000 0.3473
22.1670 0.1792 0.0000
22.1702 0.0000 0.3668
22.2002 0.0000 0.1894
22.2270 0.2895 0.0000
22.2752 0.3687 0.0000
22.2949 0.1097 0.0000
22.3077 0.2446 0.0000
22.3092 0.0000 0.2285
22.3645 0.0000 0.2669
22.3652 0.0000 0.3093
22.3755 0.1268 0.0000
22.4075 0.0000 0.1770
22.4470 0.0874 0.0000
22.4904 0.0000 0.1058
22.5121 0.0622 0.0000
22.5189 0.0000 0.0903
22.5239 0.1287 0.0000
22.5320 0.0000 0.4617
22.5482 0.0430 0.0000
22.5530 0.0000 0.2331
22.6112 0.1683 0.0000
22.6207 0.0000 0.0366
22.6300 0.0000 0.2285
22.6350 0.4226 0.0000
22.6541 0.0000 0.4437
22.6829 0.1685 0.0000
22.7305 0.1947 0.0000
22.7638 0.0000 1.2114
22.7769 0.2124 0.0000
22.7855 0.0918 0.0000
22.7899 0.0000 0.2058
22.8791 0.0000 0.2480
22.8887 0.3912 0.0000
22.8897 1.0943 0.0000
22.9271 0.1965 0.0000
22.9868 0.1403 0.0000
23.0119 0.3406 0.0000
23.0450 0.2701 0.0000
23.0609 0.3374 0.0000
23.0838 0.1586 0.0000
23.1290 0.1133 0.0000
23.1437 0.0000 0.2789
23.1990 0.2638 0.0000
23.2229 0.2334 0.0000
23.2520 0.0000 0.1975
23.3239 0.0922 0.0000
23.3359 0.0635 0.0000
23.3660 0.2258 0.0000
23.3794 0.0000 0.2275
23.4241 0.1870 0.0000
23.4551 0.0000 0.0623
23.4786 0.0776 0.0000
23.4929 0.4597 0.0000
23.4968 0.0000 0.2071
23.5534 0.0000 0.4774
23.5555 0.0685 0.0000
23.5757 0.0000 0.2994
23.5982 0.2193 0.0000
23.6004 0.0000 0.1177
23.6151 0.0000 0.0876
23.6486 0.0000 0.2351
23.6511 0.7361 0.0000
23.6521 0.0000 0.3041
23.6648 0.0000 0.4410
23.6886 0.1849 0.0000
23.7208 0.6222 0.0000
23.7229 0.1804 0.0000
23.8965 0.0000 0.2286
23.9142 0.0787 0.0000
23.9698 0.0000 0.2340
23.9850 0.0000 0.2591
24.0076 0.0000 0.2729
24.0452 0.9134 0.0000
24.0883 0.1479 0.0000
24.1518 0.0000 0.1810
24.1679 0.0619 0.0000
24.1881 0.0522 0.0000
24.2005 0.1699 0.0000
24.2377 0.6796 0.0000
24.2472 0.3066 0.0000
24.2587 0.3852 0.0000
24.2587 0.1311 0.0000
24.2735 0.3262 0.0000
24.2941 0.0000 0.0496
24.2956 0.0000 0.2787
24.3418 0.0000 0.3334
24.3523 0.1768 0.0000
24.3555 0.0000 0.0930
24.3670 0.0000 0.0619
24.3679 0.0451 0.0000
24.3731 0.0000 0.3578
24.3848 0.1793 0.0000
24.4544 0.0000 0.1182
24.4561 0.1923 0.0000
24.5314 0.1118 0.0000
24.5553 0.1096 0.0000
24.5948 0.0325 0.0000
24.6261 0.0000 1.1876
24.6798 0.0136 0.0000
24.6815 0.0812 0.0000
24.6873 0.1740 0.0000
24.7219 0.0000 0.1399
24.7470 0.2778 0.0000
24.7709 0.3732 0.0000
24.8033 0.2073 0.0000
24.8062 0.0000 0.2355
24.8305 0.1964 0.0000
24.8366 0.1302 0.0000
24.9022 0.2572 0.0000
24.9180 0.1645 0.0000
24.9274 0.1481 0.0000
24.9401 0.0000 0.3036
24.9432 0.0000 0.3788
24.9651 0.0000 0.1357
24.9762 0.2723 0.0000
24.9879 0.0000 0.0862
25.0069 0.1585 0.0000
25.0134 0.0000 0.2980
25.0212 0.2160 0.0000
25.0267 0.1548 0.0000
25.0537 0.2884 0.0000
25.0697 0.0000 0.1363
25.0757 0.0000 0.0898
25.0917 0.2512 0.0000
25.1084 0.0000 0.1788
25.1169 0.0000 0.1548
25.1228 0.0000 0.0954
25.1475 0.0248 0.0000
25.1752 0.3645 0.0000
25.1818 0.0000 0.0891
25.1870 0.1307 0.0000
25.2108 0.2374 0.0000
25.2328 1.3863 0.0000
25.2425 0.2944 0.0000
25.2682 0.1579 0.0000
25.2897 0.0000 0.3558
25.2904 0.0000 0.7246
25.3501 0.4355 0.0000
25.4215 0.2944 0.0000
25.4325 0.9258 0.0000
25.4338 0.0000 0.2113
25.4484 0.1743 0.0000
25.4732 0.2493 0.0000
25.4780 0.0000 0.2768
25.5451 0.0222 0.0000
25.5488 0.0000 0.1963
25.5812 0.1228 0.0000
25.6222 0.0364 0.0000
25.6390 0.0578 0.0000
25.6430 0.0962 0.0000
25.6549 0.0676 0.0000
25.6720 0.1973 0.0000
25.7017 0.0427 0.0000
25.7178 0.0000 0.0458
25.7479 0.3978 0.0000
25.8186 0.1340 0.0000
25.8531 0.1392 0.0000
25.8669 0.0000 0.1990
25.8889 0.4948 0.0000
25.8959 0.0000 0.5284
25.9026 0.1599 0.0000
25.9234 0.0000 0.0397
25.9263 0.0000 0.3369
25.9489 1.2011 0.0000
26.0013 0.0000 0.2663
26.0133 0.0000 0.3852
26.0424 0.0722 0.0000
26.0434 0.1861 0.0000
26.0747 0.1484 0.0000
26.1022 0.0000 0.3685
26.1739 0.0652 0.0000
26.2187 0.0000 1.0655
26.2464 0.0331 0.0000
26.2508 0.0000 0.1819
26.2743 0.0000 0.2075
26.3147 0.2113 0.0000
26.3427 0.1529 0.0000
26.3671 0.0000 0.1425
26.4578 0.3213 0.0000
26.4765 0.1690 0.0000
26.4830 0.0000 0.2243
26.4907 0.2155 0.0000
26.5022 0.0073 0.0135
26.5079 0.0000 0.1411
26.5306 0.1616 0.0000
26.5354 0.0000 0.2490
26.5361 0.7061 0.0000
26.5469 0.0000 0.0151
26.5534 0.0955 0.0000
26.5563 0.0000 0.3280
26.6054 0.2773 0.0000
26.6195 0.0000 0.1890
26.6403 0.0000 0.1477
26.6485 0.6272 0.0000
26.6852 0.2255 0.0000
26.6874 0.0000 1.0610
26.6883 0.0000 0.1893
26.6926 0.0832 0.0000
26.6972 0.7671 0.0000
26.7237 0.1888 0.0000
26.7335 0.1317 0.0000
26.7634 0.0000 0.0242
26.7944 0.0000 0.0652
26.8119 0.3763 0.0000
26.8120 0.0000 0.1257
26.8139 0.0322 0.0000
26.8155 0.0000 0.1382
26.8326 0.2179 0.0000
26.8444 0.1401 0.0000
26.8679 0.1609 0.0000
26.9669 0.0973 0.0000
27.0048 0.3571 0.0000
27.0258 0.1671 0.0000
27.1096 0.0000 0.1120
27.1332 0.0000 0.2258
27.1405 0.4363 0.0000
27.1585 0.0000 0.2669
27.1586 0.1014 0.0000
27.1686 0.0000 0.8453
27.1742 0.2419 0.0000
27.2250 0.1378 0.0000
27.2313 0.1551 0.0000
27.2436 0.0000 0.2312
27.2642 0.0000 0.1549
27.3177 0.0889 0.0000
27.3454 0.0957 0.0000
27.3482 0.1294 0.0000
27.3511 0.0800 0.0000
27.4006 0.2619 0.0000
27.4680 0.1082 0.0000
27.5318 0.0640 0.0000
27.5361 0.0000 0.1549
27.5502 0.0000 0.1644
27.5630 0.0000 0.0755
27.5807 0.0008 -0.0039
27.6416 0.1913 0.0000
27.6487 0.3498 0.0000
27.6836 0.3907 0.0000
27.7266 0.0000 0.0947
27.7336 0.0000 0.2519
27.7505 0.0000 1.2400
27.8139 0.0000 0.1242
27.8252 0.0000 0.3563
27.8429 0.1358 0.0000
27.8757 0.1449 0.0000
27.8868 0.0000 0.1880
27.8979 0.0000 0.3541
27.9154 0.1137 0.0000
27.9218 0.0448 0.0000
27.9224 0.2855 0.0000
27.9691 0.0000 0.4312
28.0121 0.0000 0.4107
28.0141 0.0707 0.0000
28.0332 0.1221 0.0000
28.0447 0.0000 0.1467
28.0742 0.0894 0.0000
28.1116 0.0000 0.1610
28.1493 0.0389 0.0000
28.1791 0.1549 0.0000
28.2205 0.0000 0.2175
28.2242 0.0000 0.1087
28.2293 0.3749 0.0000
28.2948 0.2258 0.0000
28.3922 1.0208 0.0000
28.3925 0.2535 0.0000
28.4280 0.0000 0.2075
28.4302 0.8509 0.0000
28.4618 0.1815 0.0000
28.4942 0.1238 0.0000
28.5312 0.3388 0.0000
28.5492 0.1414 0.0000
28.5624 0.1168 0.0000
28.6205 0.1422 0.0000
28.6657 0.2295 0.0000
28.6921 0.0000 0.6115
28.7057 0.0000 0.2356
28.7129 0.0000 0.1634
28.7445 0.4063 0.0000
28.7779 0.0000 0.6211
28.7901 0.2978 0.0000
28.7902 0.1490 0.0000
28.8300 0.1928 0.0000
28.8736 0.0000 0.2324
28.8900 0.0000 0.4583
28.8967 0.0425 0.0000
28.9109 0.0000 0.4451
28.9830 0.1562 0.0000
29.0069 0.0000 0.1768
29.0166 0.0000 0.2445
29.0815 0.0000 1.2009
29.0980 0.0000 0.3754
29.1229 0.0759 0.0000
29.1323 0.0978 0.0000
29.1349 0.1527 0.0000
29.1748 0.2577 0.0000
29.1919 0.2315 0.0000
29.2255 0.0000 0.2619
29.2288 0.2234 0.0000
29.3311 0.1836 0.0000
29.3440 0.2260 0.0000
29.4328 0.6333 0.0000
29.4388 0.4054 0.0000
29.5074 0.1949 0.0000
29.5341 0.0000 0.2759
29.5778 0.0454 0.0000
29.5779 0.0000 0.0963
29.5794 0.2030 0.0000
29.7428 0.0000 0.1953
29.7440 0.0000 0.6211
29.7472 0.0825 0.0000
29.8077 0.0189 0.0009
29.8217 0.0070 0.0007
29.8224 0.0687 0.0000
29.8317 0.1389 0.0000
29.8415 0.0287 0.0000
29.8420 0.0000 0.3765
29.8521 0.8892 0.0000
29.8530 0.2230 0.0000
29.8562 0.0000 0.3788
29.8935 0.2869 0.0000
29.9040 0.0000 1.0968
29.9059 0.0000 0.1182
29.9236 0.1496 0.0000
29.9359 0.3751 0.0000
29.9383 0.3995 0.0000
29.9654 0.0000 0.4307
29.9719 0.0898 0.0000
29.9997 0.0000 1.1766
30.0021 0.7483 0.0000
30.0730 0.0000 0.0370
30.1087 0.1699 0.0000
30.1965 0.2427 0.0000
30.1973 0.0000 0.1921
30.2038 0.0000 0.0982
30.2240 0.2275 0.0000
30.2523 0.0000 0.3032
30.2780 0.0766 0.0000
30.3637 0.5806 0.0000
30.3971 0.1188 0.0000
30.4861 0.0000 0.2388
30.4866 0.5241 0.0000
30.5185 0.2716 0.0000
30.5328 0.0000 0.0608
30.5947 0.1082 0.0000
30.6392 0.1665 0.0000
30.6458 0.1960 0.0000
30.6651 0.1399 0.0000
30.7206 0.0520 0.0000
30.7499 0.0031 0.0000
30.7509 0.0000 0.0666
30.7813 0.2139 0.0000
30.7855 0.1555 0.0000
30.7871 0.0000 0.3687
30.8087 0.0000 0.2346
30.8089 0.0452 0.0000
30.8092 0.0986 0.0000
30.8695 0.3641 0.0000
30.8738 0.0000 0.1501
30.8944 0.3205 0.0000
30.9238 0.1785 0.0000
30.9377 0.1727 0.0000
30.9419 0.0000 0.4504
30.9541 0.2724 0.0000
30.9669 0.2564 0.0000
31.0460 0.1914 0.0000
31.0846 0.3152 0.0000
31.1016 0.0000 0.2605
31.1481 0.0000 0.2820
31.1587 0.0000 0.1702
31.1981 0.0000 0.1116
31.2241 0.1878 0.0000
31.2320 0.2751 0.0000
31.2680 0.1200 0.0000
31.3678 0.4183 0.0000
31.3779 0.1115 0.0000
31.3808 0.0000 0.4674
31.4201 0.1517 0.0000
31.4315 0.0000 0.8975
31.4507 0.1336 0.0000
31.4531 0.0546 0.0000
31.5181 0.2495 0.0000
31.5371 0.2368 0.0000
31.5401 0.1444 0.0000
31.5418 0.1614 0.0000
31.5425 0.1829 0.0000
31.5645 0.1399 0.0000
31.5732 0.1196 0.0000
31.6094 0.1459 0.0000
31.6215 0.0000 0.2385
31.6251 0.1851 0.0000
31.6329 0.0000 0.2038
31.6880 0.1428 0.0000
31.7243 0.0000 0.2366
31.7575 0.0000 0.1890
31.7700 0.1068 0.0000
31.7866 0.2573 0.0000
31.8163 0.0000 0.2715
31.8386 0.2658 0.0000
31.8523 0.2210 0.0000
31.8785 0.9697 0.0000
31.9178 0.0000 0.2078
31.9666 0.5953 0.0000
31.9960 0.0869 0.0000
31.9968 0.0897 0.0000
32.0353 0.2566 0.0000
32.0653 0.0000 0.1145
32.0731 0.0000 0.4887
32.1163 0.0000 0.3164
32.1235 0.0000 0.2330
32.1352 1.3565 0.0000
32.1355 0.2521 0.0000
32.1729 0.0332 0.0000
32.1799 0.2511 0.0000
32.1888 0.3045 0.0000
32.2002 0.0000 0.2385
32.2166 0.1249 0.0000
32.2394 0.0000 0.5787
32.2462 0.1693 0.0000
32.2555 0.1615 0.0000
32.3167 0.1653 0.0000
32.3531 0.0000 0.3491
32.4213 0.0106 0.0000
32.4520 0.1787 0.0000
32.5190 0.0953 0.0000
32.5261 0.0563 0.0000
32.5415 0.0000 0.2965
32.5473 0.6265 0.0000
32.6580 0.0000 0.0914
32.6648 0.0000 0.6468
32.7070 0.3235 0.0000
32.7443 0.0543 0.0000
32.7546 0.1315 0.0000
32.7588 0.1683 0.0000
32.7645 1.2929 0.0000
32.7926 0.0000 0.4470
32.8120 0.0000 0.1929
32.8308 0.8474 0.0000
32.8379 0.0932 0.0000
32.8393 0.0000 0.3378
32.8498 0.2673 0.0000
32.8705 0.3377 0.0000
32.8729 0.1535 0.0000
32.9001 0.3678 0.0000
32.9087 0.1890 0.0000
32.9435 0.2867 0.0000
32.9603 0.0000 0.1697
32.9799 0.3754 0.0000
32.9813 0.0000 0.3116
33.0265 0.2040 0.0000
33.0773 0.2359 0.0000
33.0974 0.0000 0.0754
33.1686 0.0009 0.0123
33.2242 0.1691 0.0000
33.2433 0.1802 0.0000
33.2462 0.1177 0.0000
33.3106 0.1406 0.0000
33.3754 0.0000 0.3936
33.4098 0.1837 0.0000
33.4755 0.2769 0.0000
33.4860 0.2235 0.0000
33.4906 0.2669 0.0000
33.5317 0.0000 0.0948
33.5489 0.0000 0.3497
33.5686 0.1635 0.0000
33.6091 0.0000 0.2671
33.6429 0.7102 0.0000
33.6686 0.0000 0.3047
33.6791 0.0000 0.2514
33.7295 0.1981 0.0000
33.7423 0.0000 0.2616
33.7604 0.8502 0.0000
33.7713 0.3531 0.0000
33.7867 0.0000 0.1864
33.7869 1.1109 0.0000
33.7959 0.2789 0.0000
33.7975 0.0000 0.4673
33.8359 0.0001 -0.0000
33.8605 0.1483 0.0000
33.8692 0.0000 0.0538
33.8746 0.0000 0.3187
33.8870 0.0000 0.0917
33.9245 0.0000 0.1007
34.1086 0.5395 0.0000
34.1098 0.0606 0.0000
34.1538 0.1451 0.0000
34.1676 0.3074 0.0000
34.2356 0.0000 0.3269
34.2625 0.0694 0.0000
34.2748 0.2206 0.0000
34.2785 0.2718 0.0000
34.3017 0.2855 0.0000
34.3326 0.0000 0.0500
34.3356 0.1159 0.0000
34.3384 0.1606 0.0000
34.4184 0.0000 0.0325
34.4260 0.1069 0.0000
34.4779 0.0000 0.2051
34.4794 0.1643 0.0000
34.4894 0.2869 0.0000
34.5025 0.2781 0.0000
34.6177 0.0000 0.0710
34.6604 0.1297 0.0000
34.6732 0.0000 0.1341
34.7006 0.1109 0.0000
34.7020 0.1811 0.0000
34.7290 0.1014 0.0000
34.7514 0.1497 0.0000
34.7612 0.0000 0.8368
34.8130 0.2954 0.0000
34.8216 0.0000 0.1089
34.8291 0.0970 0.0000
34.8454 1.0690 0.0000
34.8975 0.0000 0.2872
34.9041 0.0798 0.0000
34.9382 0.0901 0.0000
34.9738 0.0000 0.1691
35.0113 0.0000 0.4458
35.0250 0.0937 0.0000
35.0622 0.1433 0.0000
35.1181 0.0000 0.2081
35.1467 0.1253 0.0000
35.1770 0.2823 0.0000
35.1892 0.4191 0.0000
35.2337 0.4364 0.0000
35.2478 0.1172 0.0000
35.2882 0.1340 0.0000
35.3002 0.0000 0.1610
35.3034 0.0000 0.2074
35.3174 0.0000 0.2062
35.3210 0.1067 0.0000
35.3644 0.0000 0.1445
35.4272 0.0961 0.0000
35.4326 0.0000 0.2478
35.4550 0.0000 0.1450
35.4824 0.1600 0.0000
35.5179 0.0000 0.0936
35.5571 0.3252 0.0000
35.5974 0.0000 0.2028
35.6044 0.0000 0.2733
35.6119 0.0000 0.2825
35.6413 0.2129 0.0000
35.6469 0.0000 0.2911
35.6590 0.0000 0.0680
35.6669 0.2039 0.0000
35.6949 0.2184 0.0000
35.7212 0.0486 0.0000
35.7214 0.0000 0.1000
35.7476 0.3079 0.0000
35.7691 0.3005 0.0000
35.7846 0.4585 0.0000
35.7919 0.2278 0.0000
35.8040 0.0000 0.1572
35.8148 0.0000 0.1055
35.8201 0.6097 0.0000
35.8417 0.1999 0.0000
35.8723 0.0000 0.2233
35.8756 0.0000 0.0508
35.9440 0.0287 0.0000
35.9695 1.2336 0.0000
35.9724 0.0000 0.1081
35.9781 0.1991 0.0000
35.9977 0.3556 0.0000
36.0240 0.7062 0.0000
36.0711 0.0000 0.3269
36.0920 0.4085 0.0000
36.1351 0.0000 0.1833
36.1974 0.0326 0.0000
36.2943 0.0212 0.0000
36.2975 0.2687 0.0000
36.3068 0.0000 0.3428
36.3801 0.0000 1.2111
36.4225 0.3888 0.0000
36.4442 0.2714 0.0000
36.4666 0.0000 0.1578
36.5748 0.3133 0.0000
36.5921 0.3722 0.0000
36.6078 0.2588 0.0000
36.6269 0.3171 0.0000
36.6495 0.0000 0.0758
36.6663 0.4878 0.0000
36.6797 0.0000 0.4982
36.7252 0.4309 0.0000
36.8488 0.0000 0.1524
36.8674 0.1630 0.0000
36.8680 0.0000 0.3462
36.9402 0.0725 0.0000
36.9444 0.7252 0.0000
36.9679 0.1583 0.0000
37.0087 0.1337 0.0000
37.0810 0.3814 0.0000
37.1180 0.4053 0.0000
37.1349 0.0000 0.4189
37.1390 0.0000 0.0510
37.1441 0.0000 0.2612
37.2262 0.0000 0.1357
37.2417 0.0000 0.2458
37.2532 0.0000 0.0919
37.2906 0.2387 0.0000
37.3080 0.3888 0.0000
37.3249 0.0000 0.2391
37.3265 0.0000 0.5255
37.3466 0.0161 -0.0045
37.3476 0.0000 0.2306
37.3696 0.1565 0.0000
37.3858 0.0000 0.2233
37.4070 0.0000 0.2653
37.4704 0.4397 0.0000
37.4764 0.0785 0.0000
37.5284 0.0000 0.2717
37.5456 0.1585 0.0000
37.5471 0.0861 0.0000
37.5574 0.2454 0.0000
37.5786 0.1547 0.0000
37.5797 0.1340 0.0000
37.5937 0.0000 0.3291
37.6020 0.6181 0.0000
37.6084 0.7914 0.0000
37.6176 0.1906 0.0000
37.6355 0.0000 0.3128
37.6512 0.1568 0.0000
37.6573 0.0000 0.4765
37.6617 0.2238 0.0000
37.8004 1.0474 0.0000
37.8488 0.0000 0.1152
37.8492 0.1911 0.0000
37.9073 0.0000 0.3973
37.9846 0.1144 0.0000
38.0106 0.5196 0.0000
38.0117 0.1103 0.0000
38.0324 0.0000 0.0357
38.0490 0.2808 0.0000
38.0768 0.0000 0.1737
38.0896 0.0765 0.0000
38.1102 1.1113 0.0000
38.1153 0.0000 0.1851
38.1423 0.0000 0.2147
38.1749 0.4208 0.0000
38.1850 0.1569 0.0000
38.1992 0.1563 0.0000
38.2155 0.0703 0.0000
38.2322 0.1158 0.0000
38.2510 0.2087 0.0000
38.2516 0.1192 0.0000
38.2680 0.1237 0.0000
38.2750 0.0000 0.1902
38.3001 0.3550 0.0000
38.3047 0.0450 0.0000
38.3242 0.2784 0.0000
38.4484 0.1224 0.0000
38.4627 0.1104 0.0000
38.4640 0.0000 0.0397
38.5230 0.2143 0.0000
38.5357 0.0000 0.1528
38.5438 0.2613 0.0000
38.5684 0.2107 0.0000
38.5727 0.0000 0.2083
38.5772 0.6508 0.0000
38.6323 0.0000 0.1568
38.6367 0.1904 0.0000
38.6563 0.1059 0.0000
38.6674 0.4193 0.0000
38.6990 0.0000 0.5721
38.7108 0.1519 0.0000
38.7574 0.0000 0.4861
38.7741 0.2311 0.0000
38.7749 0.1877 0.0000
38.7787 0.1176 0.0000
38.8275 0.4042 0.0000
38.8896 0.0000 0.4502
38.8998 0.1231 0.0000
38.9013 0.1455 0.0000
38.9490 0.0000 0.2250
38.9601 0.0000 0.0183
39.0180 0.1816 0.0000
39.0549 0.1818 0.0000
39.0698 0.0000 0.1398
39.0824 0.1311 0.0000
39.0888 0.3406 0.0000
39.0890 0.0000 0.0607
39.1681 0.3051 0.0000
39.1801 0.4440 0.0000
39.1927 0.0000 0.0399
39.2089 0.0000 0.5446
39.2532 0.2205 0.0000
39.3900 0.5492 0.0000
39.4164 0.0000 0.1290
39.4426 0.1190 0.0000
39.4533 0.2410 0.0000
39.4611 0.2586 0.0000
39.4614 0.1816 0.0000
39.4837 0.0000 0.1909
39.5309 0.0000 0.3120
39.5554 0.0000 0.2236
39.5897 0.0000 0.3731
39.6060 0.0000 0.2302
39.6093 0.0000 0.3965
39.6299 0.3297 0.0000
39.6410 0.2679 0.0000
39.7017 0.0000 1.6868
39.7064 0.0000 0.1675
39.7123 0.0000 0.1851
39.7126 0.0242 0.0000
39.7196 0.4754 0.0000
39.7443 0.4517 0.0000
39.7738 0.5231 0.0000
39.7981 0.0000 0.1904
39.8723 0.7930 0.0000
39.8835 0.5774 0.0000
39.8943 0.1948 0.0000
39.9309 0.1794 0.0000
39.9411 0.1723 0.0000
39.9490 0.7369 0.0000
39.9777 0.0918 0.0000
39.9942 1.0294 0.0000

L = 0.03
0.0049 0.0765 0.0000
0.0255 1.1113 0.0000
0.0306 0.0000 0.1851
0.0575 0.0000 0.2147
0.1003 0.1569 0.0000
0.1145 0.1563 0.0000
0.1308 0.0703 0.0000
0.1662 0.2087 0.0000
0.1832 0.1237 0.0000
0.1903 0.0000 0.1902
0.2154 0.3550 0.0000
0.2395 0.2784 0.0000
0.3792 0.0000 0.0397
0.4509 0.0000 0.1528
0.4590 0.2613 0.0000
0.4880 0.0000 0.2083
0.6727 0.0000 0.4861
0.6894 0.2311 0.0000
0.7428 0.4042 0.0000
0.9333 0.1816 0.0000
0.9851 0.0000 0.1398
1.3764 0.2586 0.0000
2.1641 0.0000 0.1457
2.2502 0.5510 0.0000
3.6791 0.0113 0.0094
4.8342 0.0011 -0.0000
19.6508 0.0162 0.0004
23.2995 0.0162 0.0002
24.2576 0.0091 0.0163
29.2174 0.0070 -0.0078
29.4968 0.0204 -0.0000
36.5359 0.0200 -0.0012

L = 0.03
0.0044 0.1174 0.0000
0.1025 0.0000 1.0658
0.1192 0.0000 0.1653
0.4638 0.2221 0.0000
0.4647 0.0171 0.0000
0.5066 0.1202 0.0000
0.7128 0.3122 0.0000
0.8573 0.1392 0.0000
0.9050 0.1206 0.0000
1.6344 0.0729 0.0000
1.9054 0.2089 0.0000
7.8718 0.0008 0.0310
9.1836 0.0101 0.0197
9.8802 0.0015 -0.0051
15.5421 0.0283 0.0049
15.7596 0.0116 0.0111
17.3679 0.0028 0.0004
17.9262 0.0132 0.0080
19.4276 0.0145 0.0243
19.5734 0.0142 -0.0068
20.2949 0.0001 -0.0010
21.1370 0.0072 0.0057
31.2501 0.0012 -0.0005
32.5804 0.0122 -0.0036
37.1156 0.0120 0.0186
38.4581 0.0141 0.0155

L = 0.03
0.0792 0.0000 0.1492
0.0970 0.1309 0.0000
0.1125 0.3791 0.0000
0.1133 0.2226 0.0000
0.1260 0.2899 0.0000
0.2203 0.1262 0.0000
0.3200 0.0000 0.2419
0.3336 0.0000 0.0644
0.3624 0.1579 0.0000
0.3634 0.0141 0.0155
0.3732 0.0000 0.0508
0.3842 0.1370 0.0000
0.3981 0.0883 0.0000
0.4072 0.0000 0.1052
0.4427 0.3532 0.0000
0.4700 0.0000 0.0511
0.4718 0.0000 0.1685
0.5167 0.0126 0.0000
0.5246 0.0000 0.1462
1.0689 0.0820 0.0000
1.1406 0.1967 0.0000
1.4672 0.0978 0.0000
1.6054 0.0000 0.0957
1.8265 0.0000 0.1396
1.9925 0.1282 0.0000
2.4543 0.0000 0.0233
3.1433 0.0100 -0.0078
5.8945 0.0106 0.0022
8.5534 0.0015 0.0021
12.5028 0.0003 -0.0001
14.2648 0.0036 0.0050
15.1074 0.0057 0.0264
17.2918 0.0092 0.0073
21.1982 0.0130 0.0208
22.6685 0.0161 0.0002
22.8549 0.0016 0.0009
25.7188 0.0091 0.0227
28.9480 0.0087 -0.0004
29.4637 0.0252 0.0075
29.5648 0.0070 -0.0018
30.6589 0.0023 -0.0006
30.9015 0.0096 -0.0001
32.5868 0.0094 0.0236
39.3024 0.0511 -0.0039

L = 0.03
0.0186 0.2092 0.0000
0.0211 0.1211 0.0000
0.0292 0.7887 0.0000
0.0596 0.0000 0.2090
0.0765 0.1976 0.0000
0.0982 0.3949 0.0000
0.3287 0.0000 0.2585
0.3588 0.0000 0.3003
0.3695 0.0000 0.2143
0.4511 0.0000 0.1222
0.4722 0.2706 0.0000
0.4753 0.0000 0.2389
0.4959 0.0774 0.0000
0.5526 0.0208 0.0000
0.5887 0.2830 0.0000
0.6656 0.0000 0.2596
0.7152 0.0000 0.7322
1.1981 0.1322 0.0000
1.2296 0.0511 -0.0039
1.2648 0.0000 0.0445
1.3999 0.1996 0.0000
2.2039 0.0068 0.0060
2.6292 0.0051 0.0117
5.6196 0.0308 0.0011
6.0003 0.0089 -0.0002
11.1528 0.0120 0.0149
26.3050 0.0063 -0.0036
30.6855 0.0058 0.0233
35.4792 0.0176 0.0100
39.2769 0.0024 0.0017
