
L = 0.09
0.003432956084305068 3.432671197841979E-5
2.0048942770661844 0.010891946288634727
4.013145248850016 0.018209430667037632
6.028642940038246 0.026785183321560883
8.043292817618156 0.036791899475609034
10.047321944719986 0.04536600630481108
12.05173698586925 0.053242449628019675
14.064891586835856 0.05842161001973371
16.077842643773877 0.060962729434417044
18.07893302140407 0.06174382346603796
20.08500502898058 0.060460195347101904
22.104985494724186 0.058508637724462915
24.1184135870548 0.05519303524628413
26.11891843548341 0.053380449539726406
28.122060756968427 0.050880052130286374
30.1248768043942 0.049271485637522476
32.126208462908025 0.049599889738824725
34.14086925436355 0.051336776463292016
36.14921493801467 0.05485857109761476
38.15217666443672 0.05792078860886731
40.15609166939999 0.060655677041252846
42.16416136297885 0.06307061385444063
44.165832472597415 0.06457003287568971
46.173214900453104 0.06590244098922166
48.17371339940351 0.06591301700439325
50.176236492484406 0.06506265638863779
52.18684472420205 0.06459368561263965
54.204164264721015 0.0642177367189747
56.210053993682635 0.06362624834279162
58.220694176044304 0.061972522729760976
60.23651065116783 0.06050944090404566
62.240031729252365 0.0610468471788864
64.25394002392215 0.0621311680238752
66.25636843454355 0.06260324819056153
68.25996908002229 0.06458841869451469
70.26173852212384 0.06633583728912966
72.26942495601891 0.06662764426444405
74.27165258719259 0.06565370794451252
76.27687313688924 0.06566736577833836
78.27972119958099 0.06744316192182656
80.28584650664665 0.06803818974532529
82.28832095653556 0.067521819877228
84.3003697789454 0.06733962096436154
86.31659728690494 0.06671997236578249
88.32304823686724 0.06602607747645294
90.36469323943261 0.06548224046400102
92.37279691834736 0.06512759538990959
94.37806202296717 0.06548298972658469
96.38440302581277 0.06656011405033674
98.39660262981205 0.06863103887475469

L = 0.09
0.003432956084305068 3.432671197841979E-5
2.0048942770661844 0.010891946288634727
4.013145248850016 0.018209430667037632
6.028642940038246 0.026785183321560883
8.043292817618156 0.036791899475609034
10.047321944719986 0.04536600630481108
12.05173698586925 0.053242449628019675
14.064891586835856 0.05842161001973371
16.077842643773877 0.060962729434417044
18.07893302140407 0.06174382346603796
20.08500502898058 0.060460195347101904
22.104985494724186 0.058508637724462915
24.1184135870548 0.05519303524628413
26.11891843548341 0.053380449539726406
28.122060756968427 0.050880052130286374
30.1248768043942 0.049271485637522476
32.126208462908025 0.049599889738824725
34.14086925436355 0.051336776463292016
36.14921493801467 0.05485857109761476
38.15217666443672 0.05792078860886731
40.15609166939999 0.060655677041252846
42.16416136297885 0.06307061385444063
44.165832472597415 0.06457003287568971
46.173214900453104 0.06590244098922166
48.17371339940351 0.06591301700439325
50.176236492484406 0.06506265638863779
52.18684472420205 0.06459368561263965
54.204164264721015 0.0642177367189747
56.210053993682635 0.06362624834279162
58.220694176044304 0.061972522729760976
60.23651065116783 0.06050944090404566
62.240031729252365 0.0610468471788864
64.25394002392215 0.0621311680238752
66.25636843454355 0.06260324819056153
68.25996908002229 0.06458841869451469
70.26173852212384 0.06633583728912966
72.26942495601891 0.06662764426444405
74.27165258719259 0.06565370794451252
76.27687313688924 0.06566736577833836
78.27972119958099 0.06744316192182656
80.28584650664665 0.06803818974532529
82.28832095653556 0.067521819877228
84.3003697789454 0.06733962096436154
86.31659728690494 0.06671997236578249
88.32304823686724 0.06602607747645294
90.36469323943261 0.06548224046400102
92.37279691834736 0.06512759538990959
94.37806202296717 0.06548298972658469
96.38440302581277 0.06656011405033674
98.39660262981205 0.06863103887475469

L = 0.09
0.003432956084305068 3.432671197841979E-5
2.0048942770661844 0.010891946288634727
4.013145248850016 0.018209430667037632
6.028642940038246 0.026785183321560883
8.043292817618156 0.036791899475609034
10.047321944719986 0.04536600630481108
12.05173698586925 0.053242449628019675
14.064891586835856 0.05842161001973371
16.077842643773877 0.060962729434417044
18.07893302140407 0.06174382346603796
20.08500502898058 0.060460195347101904
22.104985494724186 0.058508637724462915
24.1184135870548 0.05519303524628413
26.11891843548341 0.053380449539726406
28.122060756968427 0.050880052130286374
30.1248768043942 0.049271485637522476
32.126208462908025 0.049599889738824725
34.14086925436355 0.051336776463292016
36.14921493801467 0.05485857109761476
38.15217666443672 0.05792078860886731
40.15609166939999 0.060655677041252846
42.16416136297885 0.06307061385444063
44.165832472597415 0.06457003287568971
46.173214900453104 0.06590244098922166
48.17371339940351 0.06591301700439325
50.176236492484406 0.06506265638863779
52.18684472420205 0.06459368561263965
54.204164264721015 0.0642177367189747
56.210053993682635 0.06362624834279162
58.220694176044304 0.061972522729760976
60.23651065116783 0.06050944090404566
62.240031729252365 0.0610468471788864
64.25394002392215 0.0621311680238752
66.25636843454355 0.06260324819056153
68.25996908002229 0.06458841869451469
70.26173852212384 0.06633583728912966
72.26942495601891 0.06662764426444405
74.27165258719259 0.06565370794451252
76.27687313688924 0.06566736577833836
78.27972119958099 0.06744316192182656
80.28584650664665 0.06803818974532529
82.28832095653556 0.067521819877228
84.3003697789454 0.06733962096436154
86.31659728690494 0.06671997236578249
88.32304823686724 0.06602607747645294
90.36469323943261 0.06548224046400102
92.37279691834736 0.06512759538990959
94.37806202296717 0.06548298972658469
96.38440302581277 0.06656011405033674
98.39660262981205 0.06863103887475469

L = 0.09
0.003432956084305068 3.432671197841979E-5
2.0048942770661844 0.010891946288634727
4.013145248850016 0.018209430667037632
6.028642940038246 0.026785183321560883
8.043292817618156 0.036791899475609034
10.047321944719986 0.04536600630481108
12.05173698586925 0.053242449628019675
14.064891586835856 0.05842161001973371
16.077842643773877 0.060962729434417044
18.07893302140407 0.06174382346603796
20.08500502898058 0.060460195347101904
22.104985494724186 0.058508637724462915
24.1184135870548 0.05519303524628413
26.11891843548341 0.053380449539726406
28.122060756968427 0.050880052130286374
30.1248768043942 0.049271485637522476
32.126208462908025 0.049599889738824725
34.14086925436355 0.051336776463292016
36.14921493801467 0.05485857109761476
38.15217666443672 0.05792078860886731
40.15609166939999 0.060655677041252846
42.16416136297885 0.06307061385444063
44.165832472597415 0.06457003287568971
46.173214900453104 0.06590244098922166
48.17371339940351 0.06591301700439325
50.176236492484406 0.06506265638863779
52.18684472420205 0.06459368561263965
54.204164264721015 0.0642177367189747
56.210053993682635 0.06362624834279162
58.220694176044304 0.061972522729760976
60.23651065116783 0.06050944090404566
62.240031729252365 0.0610468471788864
64.25394002392215 0.0621311680238752
66.25636843454355 0.06260324819056153
68.25996908002229 0.06458841869451469
70.26173852212384 0.06633583728912966
72.26942495601891 0.06662764426444405
74.27165258719259 0.06565370794451252
76.27687313688924 0.06566736577833836
78.27972119958099 0.06744316192182656
80.28584650664665 0.06803818974532529
82.28832095653556 0.067521819877228
84.3003697789454 0.06733962096436154
86.31659728690494 0.06671997236578249
88.32304823686724 0.06602607747645294
90.36469323943261 0.06548224046400102
92.37279691834736 0.06512759538990959
94.37806202296717 0.06548298972658469
96.38440302581277 0.06656011405033674
98.39660262981205 0.06863103887475469

L = 0.09
0.003432956084305068 3.432671197841979E-5
2.0048942770661844 0.010891946288634727
4.013145248850016 0.018209430667037632
6.028642940038246 0.026785183321560883
8.043292817618156 0.036791899475609034
10.047321944719986 0.04536600630481108
12.05173698586925 0.053242449628019675
14.064891586835856 0.05842161001973371
16.077842643773877 0.060962729434417044
18.07893302140407 0.06174382346603796
20.08500502898058 0.060460195347101904
22.104985494724186 0.058508637724462915
24.1184135870548 0.05519303524628413
26.11891843548341 0.053380449539726406
28.122060756968427 0.050880052130286374
30.1248768043942 0.049271485637522476
32.126208462908025 0.049599889738824725
34.14086925436355 0.051336776463292016
36.14921493801467 0.05485857109761476
38.15217666443672 0.05792078860886731
40.15609166939999 0.060655677041252846
42.16416136297885 0.06307061385444063
44.165832472597415 0.06457003287568971
46.173214900453104 0.06590244098922166
48.17371339940351 0.06591301700439325
50.176236492484406 0.06506265638863779
52.18684472420205 0.06459368561263965
54.204164264721015 0.0642177367189747
56.210053993682635 0.06362624834279162
58.220694176044304 0.061972522729760976
60.23651065116783 0.06050944090404566
62.240031729252365 0.0610468471788864
64.25394002392215 0.0621311680238752
66.25636843454355 0.06260324819056153
68.25996908002229 0.06458841869451469
70.26173852212384 0.06633583728912966
72.26942495601891 0.06662764426444405
74.27165258719259 0.06565370794451252
76.27687313688924 0.06566736577833836
78.27972119958099 0.06744316192182656
80.28584650664665 0.06803818974532529
82.28832095653556 0.067521819877228
84.3003697789454 0.06733962096436154
86.31659728690494 0.06671997236578249
88.32304823686724 0.06602607747645294
90.36469323943261 0.06548224046400102
92.37279691834736 0.06512759538990959
94.37806202296717 0.06548298972658469
96.38440302581277 0.06656011405033674
98.39660262981205 0.06863103887475469
