
L = 0.07
0.004967208282680817 4.9673171422971416E-5
2.0060702257889176 0.01036402094439721
4.013668544033644 0.017812771145681285
6.022922838410723 0.02579216519483656
8.041605839415672 0.034235827308054134
10.043808963052381 0.040823966014803155
12.044948540934481 0.047392057920278424
14.0526477588211 0.05140175215357495
16.058712562163866 0.052423551404941184
18.058906109629795 0.053756073162953416
20.063575245266897 0.05384795820401991
22.064626579758887 0.05252571328368243
24.06783883796616 0.05101827104018457
26.07833494463238 0.04890201196169005
28.089508263981326 0.048066853874259664
30.0903235580872 0.04735497413450093
32.096145865194856 0.047377605149418
34.10026409488536 0.04906918846107842
36.10841717495227 0.05096821822280396
38.10917905794822 0.053637483305976535
40.11504688153006 0.05658635278520238
42.11893739304916 0.05853015081830601
44.12326566381616 0.05977334976694025
46.1260158609929 0.05960435777545709
48.132015993655926 0.05995258684151869
50.13679875251096 0.059489474119768425
52.13697552996159 0.05947874771861833
54.14329866516892 0.05812390061898526
56.146525143092 0.056393232654876654
58.15218833196979 0.05638026186052834
60.15650127522596 0.05705902839112306
62.166954399309006 0.05775155740458928
64.16696250910573 0.05770137077123117
66.16789408503134 0.058940322347232434
68.17310391294814 0.059503004879807225
70.17849145047208 0.059408875218180154
72.18627956501186 0.05944601270698679
74.20809306823286 0.059240223575296236
76.21283585006009 0.05965938919309055
78.21730264985183 0.060620807914452596
80.2199962338862 0.06170332478383015
82.22081006681495 0.06258011125347117
84.2259996294244 0.062326526808231926
86.22679113880528 0.06263233507134461
88.23035184020739 0.06269290195383227
90.2330919454317 0.06185675474646786
92.2517616482853 0.06159725363107188
94.26031654131941 0.06271567790490991
96.28771601329026 0.06411850919895352
98.29071006818228 0.06505123872884051

L = 0.07
0.01583292890676263 1.5833037306999038E-4
2.0192017825695623 0.010217082917433477
4.02157281297385 0.01715322569475879
6.0243237383834005 0.024686717421635515
8.02476193905982 0.03199825168037972
10.030301824797533 0.03832445379171484
12.035579244661912 0.0432899463892394
14.038216252388667 0.048120243230933245
16.06438532843293 0.05076656945171914
18.064674393038192 0.05139024026670528
20.070608492267354 0.05132444982811404
22.072558092221527 0.05031692597439391
24.074365906471115 0.04854746702798927
26.077834021476246 0.04782423340749552
28.09813913816691 0.047007012244263444
30.10198550010531 0.045964762424524144
32.107818665908404 0.04590890991063619
34.116887722896244 0.0466314375338933
36.121370402181526 0.04858842527301187
38.139858723637246 0.051501448190249134
40.14701629458654 0.05348538450081615
42.16263494574396 0.055500005832544386
44.168804122021754 0.057018737418057526
46.182056755927725 0.05689367226892903
48.18954161407903 0.05784476213307152
50.20043878821089 0.058645845110184135
52.202222220578435 0.05919054946975954
54.218266437856705 0.06021716692124976
56.2223021520326 0.06009546914356754
58.223536788580915 0.05961972072411455
60.22541289376473 0.05911401576488525
62.22696879500099 0.057483568581030424
64.23641118991856 0.0571782729540581
66.23863072328417 0.05793635566092111
68.26045916723672 0.05860272355915571
70.26660567751775 0.05944805336040427
72.26821799696364 0.05909552280445722
74.27030929084357 0.05920113316524444
76.27133761796166 0.06079159181847631
78.28002273611813 0.06164937639163675
80.29017129390687 0.061834277365983494
82.2992245915747 0.062457934307728
84.30608846450922 0.062303618197069505
86.3091433056171 0.06193155735629919
88.31008528534838 0.06181752819413886
90.31186311312527 0.06126180090933674
92.3178177185177 0.06258766655332806
94.31890996949308 0.06288935178683112
96.32491048779485 0.0621581266778975
98.32935994602148 0.06312787729957241

L = 0.07
0.00939916616184086 9.398934712820183E-5
2.0144925198378076 0.009895306026336296
4.015704107141251 0.01631476744150436
6.017904986337829 0.022642217665263864
8.020471191076583 0.02914183469259489
10.02138935135213 0.03640575315503963
12.031489473772316 0.04303295416507833
14.032299229957822 0.04808262777735387
16.033697914589325 0.050757195904124926
18.039723391617308 0.05146272924239785
20.052330774679106 0.05131162943460642
22.058646974921952 0.04981810560922391
24.065747870540793 0.04928298902613976
26.06969215580146 0.048944507719904246
28.076753434517922 0.048539974581839694
30.077139662637283 0.049617332469693125
32.0804397485294 0.05083930355259247
34.084313984006556 0.051712154612825544
36.09117301236225 0.053509324162134206
38.093273024701546 0.05477698138732062
40.09670392291429 0.05523425900048349
42.102850968643736 0.05630955720680644
44.10457481083663 0.05754092268859186
46.10510352517062 0.05811516894062154
48.108568493057064 0.05801236236443115
50.10876248921864 0.057794565321586694
52.11021466626422 0.057430799957013355
54.11554844130351 0.05806038280930267
56.11725170296577 0.05898128437364437
58.12240034892093 0.05954895989988357
60.12531315881427 0.05957258926518426
62.1308375842881 0.060396128413889236
64.15318556751072 0.06087812779954491
66.15389499537602 0.06232333233189666
68.15494203079761 0.06403371467872761
70.15564054091321 0.06506266745465548
72.1588304261774 0.06416139801390397
74.16475997087915 0.06308406335729351
76.20262089170281 0.06253028923000854
78.20474628098162 0.06166936068771764
80.20742591024636 0.06111732243476105
82.20917755812043 0.06105449255307274
84.21021642341054 0.06177382370232903
86.21079920535881 0.06290766875018633
88.21199253805753 0.0615646136322786
90.23136002254499 0.061260486192409945
92.23737917855846 0.061506652213021526
94.24356066318947 0.061652136447999856
96.24872529361731 0.062243850195571604
98.25480451440583 0.06207372566130055

L = 0.07
0.006367510950411915 6.367690597417764E-5
2.011585552069514 0.01046291134693022
4.01369784320002 0.017551115167764805
6.020467694522255 0.023817218023696442
8.029834941568973 0.030644417851848106
10.049212228159572 0.037391311984387415
12.051280855869546 0.042761449206167194
14.066803812652752 0.04685187624292441
16.068504166779903 0.049068553001438156
18.077968934132972 0.04890672866005165
20.086311202062827 0.0487388575234791
22.088373147860114 0.04887707075017629
24.093643788537182 0.04790002538898935
26.094292526278814 0.04746133736507392
28.097164252340402 0.04711709378032185
30.099025034760068 0.047170027107754926
32.10411469979715 0.04822436795380497
34.11074154978873 0.048938210430851725
36.114259375222396 0.05102644517186006
38.115010888465676 0.052574356079506925
40.116042288356276 0.05344392270267157
42.121923801235695 0.054643843655347496
44.13514065683671 0.05551336283915014
46.13595813956136 0.055926218620786484
48.13689591283291 0.05698405662494725
50.14413696868608 0.059429070264659566
52.15123100703161 0.061577937931863
54.15691364641106 0.06236396234324641
56.16355213727361 0.06287845118795722
58.16482615667245 0.06376502169570061
60.182151941269844 0.06310063404084493
62.18657380404673 0.06283299757968605
64.18915324086117 0.062444887867417934
66.18928165719652 0.06248707562952491
68.19148074758613 0.06148909179230277
70.1943564055027 0.06078833497550707
72.20028227320675 0.05999957837125118
74.2017412171044 0.06008083731831924
76.20607919147487 0.06128667659848786
78.21658501983681 0.06269200678254441
80.21745674586158 0.06263742212400901
82.21761759217968 0.06319409904189692
84.22891803851913 0.06380983597982443
86.23760719159766 0.06455854873322854
88.25357973742146 0.06518932411008667
90.25763696706231 0.06540508768563574
92.27426820491567 0.06602177716682081
94.27846008499827 0.06599481762521367
96.28080904429498 0.06615360669280076
98.28697801971731 0.06576418303820299

L = 0.07
0.0027960401362538425 2.7959116483412875E-5
2.0091234397173534 0.009593157563397639
4.010179855858984 0.01554563319242493
6.012934250366215 0.02135702908418171
8.0390329366843 0.028194080316820854
10.041356747672696 0.03571494154414403
12.045662856088416 0.04147656500270112
14.05130942896976 0.04619545122241142
16.053403230902106 0.05064214507652718
18.061126489109938 0.05142000720715093
20.062480932105395 0.051684497249729115
22.063453036878496 0.05088466998231908
24.06606214287003 0.05062600522149757
26.072856761119866 0.05097362310292517
28.073387570167583 0.05162324035077848
30.07560079406301 0.05106807938813395
32.07901468775308 0.05067613286758585
34.08007792546576 0.05072602965067798
36.08547200330394 0.05155143162016723
38.09261188289345 0.05324177264459002
40.092776919484706 0.05445024683626869
42.1109806570904 0.054877162185561955
44.11131287825726 0.05501154248503967
46.11638445382191 0.05552868032541154
48.11714376262878 0.055874115445844454
50.11966973575632 0.05616823411824447
52.12086674678478 0.05724234052650515
54.12142906764129 0.057196559331165756
56.12402581401007 0.05778913710924446
58.12449153060857 0.05809616587604269
60.12449838906558 0.05780233002755891
62.12941907277833 0.056087070643162644
64.13192143160283 0.05437756665806695
66.13452981155538 0.05452841100847465
68.14307441861838 0.05574109450559232
70.14489590572693 0.05484095386917343
72.15288970032411 0.054409847588493765
74.1549348529857 0.054954073069392886
76.16523864344373 0.05547041111769824
78.17112428878045 0.05613428880675056
80.18138797653545 0.05789643714132093
82.18405491836025 0.05919707866356113
84.18411324363102 0.05956483041707425
86.18521137606214 0.059335192927675695
88.19211522229914 0.05887979298376823
90.19616881992128 0.05818736980968508
92.19904678142916 0.057900976565372596
94.21176574257119 0.05742551352703023
96.214497096111 0.05842773257379614
98.24599973890608 0.05881755408033553
