
L = 0.05
0.0022406593003133786 2.2406406905685716E-5
2.01335021394493 0.010167124610435823
4.016949141708101 0.016147801576470822
6.03015291205956 0.02057162240132986
8.03107443029975 0.026732100952780745
10.0326755527907 0.03117498195455946
12.04356271480537 0.03412772152168378
14.04433499851298 0.03711440390076588
16.052851175805856 0.03841238924229815
18.053660632907444 0.039704579767356425
20.060318458731615 0.04145336839490577
22.068053925394473 0.04216999487682777
24.06822015891501 0.042175274228101536
26.070479621966072 0.043926892251764035
28.079088461542028 0.04495514155217609
30.0844055190633 0.04505471696915388
32.08448687086639 0.045757489415523905
34.08664120453288 0.04609560965869688
36.09226841325839 0.04607089130236014
38.09995583890538 0.04670730125747029
40.10344296102683 0.04828476267764802
42.106551344637836 0.05010550557069235
44.10743640461788 0.05296672840446772
46.11840226769812 0.053024327116730746
48.13666337704436 0.05252062770554952
50.14431983037505 0.05280819150189294
52.15452116043308 0.05218652933809185
54.15545071910416 0.05063733324565334
56.169994992004426 0.05015956292817321
58.18331520473596 0.04863405713110376
60.18562981816538 0.047692983038791006
62.19855152416685 0.048445863437042866
64.20068668114065 0.04923037108073865
66.21711197241156 0.04878949310251132
68.21924637559289 0.04950665057913564
70.22350722430673 0.05196054283344319
72.24069521524979 0.0543092753518881
74.25326334616193 0.05575523431024869
76.25536891526875 0.05613006820610069
78.25620751446776 0.05474976853412941
80.25910833841004 0.05390889459911276
82.26522030618632 0.053833282739267706
84.26883570592743 0.05408618316748379
86.2752097298189 0.05476129401420143
88.27557995983726 0.054393330108924436
90.2763920773632 0.05392064217185183
92.27769674956475 0.054781337718219525
94.28396736668478 0.05454919157794316
96.28431515802072 0.0559539668769478
98.28819661260592 0.05757788658330726

L = 0.05
0.0020148623677528174 2.014928283631389E-5
2.006153670238747 0.010503202910651982
4.011408379504657 0.01648930518679246
6.013978049398214 0.022035329791610336
8.014775421067302 0.027916735793921385
10.026083756877343 0.03293442674073508
12.030424037798772 0.03720967785308961
14.036878940731038 0.039958550381387514
16.040870983297623 0.04209322701079454
18.04294106614475 0.04314315609973761
20.05318994463388 0.04311407696820441
22.06321871946834 0.043579932857822454
24.066925196463227 0.04258248160476638
26.069544852185388 0.04252490073253342
28.084844228799287 0.0430246840765381
30.089735557690954 0.04400013462601996
32.10466305163861 0.0453825612335098
34.116780865297585 0.04647728667163466
36.120759144499324 0.04888711106816064
38.12389601964554 0.05091428991854033
40.13348344615818 0.053851506635825254
42.1475238576583 0.05552355136119142
44.1513425685394 0.0555230950748934
46.15876670886337 0.05546473846228845
48.16041932400644 0.05489274390568652
50.16329912857502 0.055136403653534234
52.163568995653776 0.05436213967955319
54.168845068287695 0.05378544685637688
56.17355473509201 0.0541956140815895
58.182977006379645 0.05264779229473657
60.18428686497 0.051618122539606966
62.188337342588774 0.0510238964525094
64.19985005132563 0.05106764522326241
66.20359212444443 0.05161429665071865
68.20984010578253 0.05086470758020337
70.21262132727286 0.051733604136007465
72.21427578537744 0.0528464632414575
74.2157106690142 0.05292484346047495
76.22368083980292 0.05392757278099942
78.22930098980655 0.05455491914671919
80.2304443160876 0.055822619369447164
82.23203821356135 0.05700107402255023
84.23740941984425 0.056651546154802154
86.24131244121506 0.05750263115969002
88.24349117755192 0.058012840199357374
90.24425279646861 0.057413415017730764
92.24557697223705 0.05729686699649796
94.25309229843856 0.05709565218054316
96.25343611339055 0.057359744491320794
98.25659392985963 0.05745681550351293

L = 0.05
7.736768299510407E-4 7.733209688778228E-6
2.0013659122886276 0.01064248898879735
4.002276959222725 0.017234323870771496
6.010583320353071 0.02397039421752136
8.01351902634475 0.030587483480062242
10.032960275072334 0.03605044534940023
12.033070292253367 0.04003792123532106
14.033491039516349 0.042523850532915415
16.0458947149651 0.044611453714488054
18.046400496650204 0.04569701001950971
20.046959079239468 0.04640392234007449
22.07700227173483 0.045899799666641546
24.078710318059954 0.04443956830575317
26.08780537964795 0.043200295653648635
28.089434765304233 0.043370217681317796
30.09254742982112 0.044727129325196985
32.09558873752237 0.04654169079603955
34.09811674524978 0.047801494343692
36.09936689053186 0.05038218377870641
38.104382135495136 0.05263958963139114
40.10502985386349 0.052245605258310616
42.115462027964966 0.05284216059109595
44.11574018846171 0.054074892642342345
46.12325229677741 0.05320945571545683
48.12814785569809 0.0529302452042632
50.1517282524836 0.05270012475851384
52.1553102668665 0.05378528223274773
54.15731407340818 0.05309829151733697
56.15870334949175 0.0518990531448268
58.17549702835473 0.053268081433587036
60.19819645903078 0.05379631155278347
62.1982633265767 0.05518743789462957
64.20323541122626 0.057101477455837414
66.20387148786881 0.05927351362603872
68.20466808353929 0.05974070429574481
70.20658109029377 0.059226774670648685
72.21356071922675 0.059342096918772576
74.22153859607897 0.05840012872748402
76.23341871874923 0.05867261879323595
78.23622428318863 0.05859174397723394
80.23746734407261 0.057346018497328614
82.24074715322753 0.05808619516921701
84.2421088866142 0.05755696958901491
86.24456865041076 0.05727893674050399
88.24680805916633 0.057987242775243864
90.24889312214327 0.0576575329960965
92.25088102778517 0.05681509821499264
94.25129124214922 0.056658184913116375
96.25410362555185 0.056693769400693414
98.26799062374202 0.05697016142044755

L = 0.05
0.003488971579752223 3.489512975361821E-5
2.0111833246135196 0.010130037779133252
4.020094015938487 0.016455786997322454
6.020108467507341 0.02202691021179865
8.025523115715611 0.028089443299095556
10.039122116133722 0.033238077409300154
12.041575159672936 0.038892550786419726
14.043744144020478 0.04315282265451766
16.051937013977245 0.045218907476788486
18.063703681560344 0.0461084222150602
20.068972734268232 0.046529742893079845
22.07453544781586 0.046952642678587085
24.07879557396209 0.047598474140049335
26.11196228656853 0.04748777979362978
28.123453278923535 0.047873659106781104
30.12423015220911 0.04870314356153495
32.12628630407414 0.05034663264300225
34.14683459973493 0.05175540764923418
36.157277216701395 0.05273047245426587
38.158257570483514 0.05187858906462806
40.15940034558151 0.052344354675527095
42.16626390936738 0.05307846747617665
44.168906276557145 0.05230161728404146
46.17911730295964 0.05183330751092983
48.18575100851552 0.05230803089913171
50.19233881165052 0.052407366295561655
52.1983937472098 0.051877245631796576
54.20598461620726 0.05254289598525285
56.206889303545594 0.052979359807403155
58.20960256190687 0.05333812974076807
60.214046088104396 0.0533042200246776
62.217315919884854 0.05389575318110823
64.21894218279445 0.054503522859818465
66.222308043749 0.05458525474948133
68.23031445889569 0.05450380835801703
70.23286272802048 0.05331826729941452
72.23509911668826 0.05371085625566503
74.24595921794845 0.05335698542735041
76.24806418278433 0.053390690034466004
78.25034338335747 0.053572505259607224
80.25475948466378 0.054031551464071674
82.2633233121634 0.05399608263612396
84.26907350475086 0.053632077002758474
86.27245674291477 0.05486598445129719
88.27776121237036 0.055180473463212774
90.29368750488253 0.05589353943979686
92.30571130751099 0.056449942359497234
94.31912903686788 0.057274143289745234
96.31934189345769 0.05759435213489205
98.32021685223496 0.05807652783972952

L = 0.05
0.008669434204853124 8.669434207798799E-5
2.0091712286727352 0.010394831371272546
4.012432320909433 0.016789476164812158
6.013082225316901 0.02216204127008019
8.024814206235803 0.02874588403395595
10.02933747633111 0.03342104913859675
12.042099716936335 0.03724994873767753
14.042720148876283 0.040879399089522005
16.05110705825192 0.04310071008953413
18.051329080125715 0.04333671594599459
20.053502008976945 0.043328217019912074
22.061709929740033 0.04339032647425349
24.064116607110734 0.04306836433941209
26.06427265049606 0.04352910743129856
28.0694251004854 0.04458186327800149
30.07017717631261 0.045556213667711606
32.07866483423852 0.046476374554218235
34.095147176529714 0.048544959344519654
36.098809657190436 0.050265330170618586
38.10139826275312 0.05108814485738315
40.10304302180628 0.050340070746198326
42.1044963739957 0.05091005768243846
44.10522322274681 0.052067643326204845
46.10777680626253 0.05193294501393935
48.110957190814425 0.052145217365422984
50.131779987250276 0.05250205682623669
52.13611573199037 0.052372144952140036
54.143282638516986 0.05336625256286445
56.14896252750927 0.05403100869646844
58.15076288047668 0.05496151197739795
60.15097075055349 0.055984129843320046
62.154747711296906 0.05642365798780581
64.15992455346664 0.05657240501249545
66.16697686716466 0.057532179769233666
68.16930962821947 0.05700799432345504
70.18861999380935 0.05660081581727152
72.19116875027372 0.056575726372452805
74.19193858558695 0.056298643597604794
76.193624919596 0.05711183276990722
78.20044949946708 0.05862987484389058
80.20532227009251 0.05862930610564499
82.225077855418 0.058163196836659346
84.23174908156545 0.05713781270229922
86.23238197985683 0.0566042788337297
88.23367916320389 0.057084078048652315
90.23566202293395 0.05680751542598096
92.2475200994918 0.05649179329079154
94.24820293777722 0.05649873720640533
96.24925308567181 0.057042691009564876
98.26164248594723 0.05860013950155202
