10.00014175465622
0.09052557223152018

0.0048066178313254495
0.09052733332987051

0.012939195707313658
0.0905305314358044

0.014914915513033642
0.09053130112328782

0.022679306646368042
0.09053454219446355

0.04820316615381463
0.09054285377609306

0.04908452367621044
0.0905431510155669

0.055626104753173124
0.09054510120097609

0.0639706804640165
0.09054756661222355

0.06603172382232148
0.09054817217076598

0.06889852660656952
0.09054944948008167

0.06935388897810503
0.09054965294603136

0.07806948197524317
0.09055318927439396

0.08254342286155879
0.09055524498864374

0.08698223936169226
0.09055713843041925

0.09074184565485614
0.09055883408273833

0.09241158680357105
0.09055975233698627

0.09304210596615432
0.09056009431081864

0.09700576146727453
0.09056275106567689

0.09785760430841924
0.09056332798466027

0.1024205185044355
0.09056617736389731

0.10347906977093649
0.09056683962160843

0.1039000452954857
0.09056703875778886

0.10431654326848762
0.09056724809963351

0.10702771970382785
0.09056822074140197

0.11129229583792999
0.09056996736328843

0.11629533795951769
0.09057245715664025

0.11965038915816475
0.09057413340559396

0.12325269874456073
0.09057585456495292

0.12990286833498518
0.09057907999028782

0.1326388233195896
0.0905804286075137

0.13354944679676434
0.09058079418334308

0.15002350211519036
0.09058778116143466

0.15879601252482206
0.09059077831047009

0.16569244999066202
0.09059363300436457

0.16686381075941048
0.0905941821966257

0.17641106264514012
0.0905990139095554

0.1965198452299504
0.09060956177882634

0.201759704714994
0.09061251329468666

0.2067793372246177
0.0906152533358579

0.20801361574071708
0.09061592508324308

0.217352873905172
0.09062031718144718

0.2243930443233503
0.0906246440451044

0.23194960782799623
0.09062934411229152

0.231954133625242
0.09062934769337602

0.25012204091458673
0.09064040221826412

0.2581988861304483
0.0906454388991926

0.2769183594808128
0.09065662965579799

0.28054822629594395
0.0906589004583391

0.2833098279578473
0.09066061765059198

0.29001603562463657
0.090664830291056

0.2962611266054684
0.09066898055314965

0.2967395228558722
0.09066924461808344

0.30728428560587784
0.09067533794578868

0.31731330209139624
0.09068140379854515

0.3177516123915327
0.09068167361381922

0.31793133397567686
0.09068177548220911

0.32058778529475984
0.09068372545080303

0.322894289439314
0.09068539210364948

0.3230627524432343
0.09068551758728738

0.3296549152608946
0.0906902031150574

0.33263728905330603
0.0906923384415218

0.3348427730783376
0.09069390037738322

0.342526434538724
0.09069916694973769

0.3501724229325408
0.09070458418679594

0.35126824885782504
0.09070543198129764

0.3581231458977929
0.09071026067909901

0.3601984572504331
0.09071172823871491

0.3728927758671909
0.09072094488361244

0.3731175814872559
0.09072111239126034

0.37800922925485303
0.09072502544300289

0.38066647389119934
0.09072715298305412

0.3855981861267228
0.09073113807298812

0.3860191852756901
0.09073147651459942

0.39198851952852376
0.09073629904732668

0.392529269073721
0.09073670700245146

0.40711308519113315
0.09074797887730832

0.4072660264000041
0.09074810017849347

0.4238563635700574
0.09076061116981946

0.4285231974776836
0.0907643883985438

0.43342058281991636
0.0907683895855426

0.4342385363327771
0.09076896764586109

0.43685719822858904
0.09077074268547897

0.43759812595010816
0.09077123607417927

0.44137284067099203
0.09077358341557198

0.4542033571508842
0.09078176365485585

0.4614879927740158
0.09078665574124761

0.462851257732049
0.09078757959690015

0.464597759490742
0.09078873155680853

0.47581672692500365
0.09079615622484967

0.484124410048263
0.09080178817565265

0.48534538420713264
0.09080262408841543

0.48986049949210486
0.09080569763297186

0.49144311027391774
0.0908067819742327

0.49412491716970824
0.09080862468926756

0.5003971746096598
0.09081308043781591

0.5060887427215267
0.09081688481865885

0.5081609095956782
0.0908182756608636

0.5113059810252581
0.09082003504832924

0.5340612054262543
0.09083317261508186

0.541958789050312
0.09083796181797746

0.5446546389389195
0.09083962865775783

0.5498551654132146
0.09084289826927375

0.5506280516318625
0.09084344436010644

0.5675513042781581
0.09085554221372366

0.5684692142972065
0.09085620817681801

0.5731204118742804
0.09085959310581858

0.5746609942416041
0.09086079698974447

0.5882414752871871
0.09087078138127253

0.5933696212739447
0.09087458627356153

0.5958571483252967
0.09087615482847189

0.5961715485280414
0.09087635945879294

0.6059062896031685
0.0908826155808737

0.6191677638446661
0.09089128652286957

0.633757680300011
0.09090105891298769

0.6422232143297685
0.09090701800269557

0.6425722103157548
0.09090724484121893

0.6501960963310606
0.09091223001539317

0.6512334982210557
0.09091298983979215

0.6532767938754873
0.09091448619610394

0.676162505733938
0.09093076201683838

0.6830236391698682
0.09093583899704413

0.6916593500374207
0.0909416188095991

0.6944123314065507
0.09094357722648129

0.6947037914423261
0.09094377809045871

0.6987595271517364
0.09094660953579195

0.7071253591050346
0.09095253752657895

0.7149795207418623
0.09095776157245966

0.7149858690419407
0.09095776535680289

0.715538223177166
0.09095810566236275

0.7204317208590456
0.09096112350417757

0.7238675923700217
0.0909626019287069

0.7278079817412825
0.09096427652255437

0.7328037727112312
0.09096626751414483

0.7509277709496034
0.0909757312517165

0.7578995600290297
0.090978757275631

0.7600055574442414
0.09097968812793962

0.7671134431138005
0.09098279088514509

0.7732738257168699
0.09098547914933858

0.7735170301664638
0.09098558752337489

0.7741804503787513
0.09098588527865557

0.7912148904616407
0.09099375933680007

0.7919738263780975
0.0909941464205772

0.8005491327051438
0.09099858439688469

0.803488781244632
0.09100030979502037

0.8056602500461663
0.09100154329215342

0.8075866571990415
0.09100261938529279

0.8085291971351425
0.09100313260945661

0.8109705634165876
0.0910043922533138

0.8190594018035317
0.09100861859046112

0.8222931108691871
0.09100997053893693

0.8281636484701222
0.09101240938300531

0.8309726760490302
0.09101357756096258

0.8317042644489604
0.09101387631598039

0.8328786620400636
0.09101436182111095

0.8439332699318433
0.09101894605563281

0.8468827056645509
0.09102004818068693

0.8514918462925023
0.09102136403034605

0.8585515948539844
0.09102340280574475

0.8637315903382264
0.09102494943137426

0.8654681475753419
0.09102547462930526

0.866516456612547
0.09102575423290021

0.8707810579160178
0.09102696926235104

0.8754477975397736
0.09102820727868526

0.8780279281846641
0.09102890492543954

0.8818691690691822
0.09102987948979271

0.8846128975302973
0.09103057536468923

0.8865450131570367
0.09103107121989742

0.8944219128195956
0.09103319176296623

0.8951179762005219
0.09103338462526747

0.9008037412762612
0.09103531576926788

0.9105662982407282
0.09103867251266867

0.9146195106419461
0.09104011294915827

0.9156593908391277
0.0910404580959519

0.9220820707704045
0.0910426445410903

0.9268855283991051
0.09104421942187627

0.9310711682896666
0.09104568087325716

0.9345832139504984
0.0910469166574366

0.9500426866165397
0.09105177488881494

0.9585048003188151
0.09105487094859888

0.9716573227291201
0.09105951467371305

0.9717788571731057
0.09105954860308679

0.9730464559199673
0.09105986882184298

0.9861797259767587
0.09106334515841534

0.9927212033897838
0.09106512363552359

0.9971084852645058
0.09106641233136466

1.0002760843222347
0.09106728443647602

1.0040306091976885
0.09106843935723205

1.0047088901246939
0.09106864648837512

1.0168087120394373
0.09107239968850639

1.018270464131936
0.09107288174821367

1.0183101938301775
0.09107289175865946

1.0203443671133203
0.09107345989293568

1.027064428793776
0.09107529938465479

1.0296848689050857
0.09107603805205405

1.0354169714083143
0.09107788925545111

1.0406471464483618
0.09107959399418554

1.0578501225056387
0.09108474429132545

1.0609511350923193
0.09108570874061657

1.0615334214216863
0.09108591463542949

1.069159120774966
0.0910892990714199

1.0735916396764513
0.09109130169300807

1.0739909965463332
0.0910914807432295

1.0864959848402913
0.09109696511314573

1.0990138859866336
0.09110286699062449

1.1016351310226826
0.09110416957998624

1.1034721236611973
0.09110508754057588

1.1104617932426317
0.09110820874046582

1.1106210849053457
0.09110829041292937

1.1122196310091228
0.091109079625191

1.1144907916525773
0.09111035633125963

1.1191195067980093
0.09111310620590293

1.122527551509861
0.09111515175372144

1.1262932981878406
0.09111729230662657

1.1303435994048023
0.09111958005558629

1.133026138950602
0.09112112322047246

1.1333512816769793
0.09112129948872198

1.1407580166014033
0.09112562454301625

1.1443800129727468
0.09112776042804187

1.145617113046527
0.09112849290367744

1.1494458888648649
0.09113060876550293

1.156137819062075
0.09113378697519522

1.1615842836489438
0.09113644068811814

1.1658375319188394
0.09113852947600133

1.1780393678307257
0.0911446310816564

1.1873353741477786
0.09114957966027935

1.194553422114234
0.09115372516834216

1.2105482468354274
0.09116305489856036

1.212390848889176
0.09116415073803825

1.2196692229851402
0.09116836907428069

1.221292568365597
0.09116931612694013

1.2220774868075277
0.09116980259921795

1.223481686101823
0.09117061894188147

1.2280976756776085
0.09117325984717371

1.2306658732721927
0.09117474482880711

1.2313200420424038
0.09117510562652026

1.233281112327564
0.09117616477929204

1.2402405480669028
0.09117981193371967

1.2420294341781768
0.09118065617648241

1.2492000651937178
0.0911846740616328

1.24946915437557
0.09118482080060958

1.250671899978781
0.09118550530972228

1.255815228163363
0.0911883555404038

1.2656829088052233
0.09119390739525395

1.2727655478821567
0.0911980235789871

1.2791064176973292
0.09120176614404815

1.2795114328409605
0.09120200423834088

1.2884533111378915
0.09120675598499187

1.2913123015415073
0.09120816371202878

1.2986654858723248
0.09121189981936846

1.3042075070934216
0.09121478780835689

1.3114777924861087
0.09121824642546494

1.3130513500417866
0.09121898637531212

1.3146998965094314
0.09121974763342532

1.3212459918823058
0.09122283499069544

1.3230855409106865
0.09122369159081505

1.3245206823329871
0.0912243274070403

1.3258467804691403
0.0912249195342343

1.3331501517625077
0.09122825300184761

1.3340366728961746
0.09122868004911325

1.335683536767144
0.09122945842911616

1.3445452014178252
0.09123310590955076

1.3530389844624517
0.09123679948405312

1.353657950993014
0.09123704195146042

1.356210928034859
0.09123800789143559

1.356866838225115
0.0912382587670406

1.3618904577652033
0.09123966518376353

1.3692615727474036
0.09124195075241319

1.3713573812832833
0.09124260211214522

1.3718298241524034
0.0912427830123799

1.3728645087150506
0.0912431435167913

1.3740771156404252
0.09124361166849995

1.3758591035857286
0.0912443043511497

1.377565012548768
0.09124494206894092

1.380277501131993
0.09124598547589663

1.3948252135534995
0.09124947705157566

1.3957301035524332
0.09124960368567933

1.397891206023629
0.09124987383528804

1.399121863393051
0.09124992293275216

1.4008142132030295
0.09124996233358465

1.416993844010407
0.09125327466736011

1.4190242326725075
0.09125362433877926

1.4192339806719274
0.0912536536240267

1.4194639372062732
0.09125370821452358

1.4237215914228705
0.09125442699894286

1.4239410308331109
0.09125447140895346

1.4257027738930381
0.09125480420451187

1.426117774633409
0.0912548998772869

1.4267678797757009
0.09125504425919914

1.4278262221521696
0.0912552804438851

1.4298144051445876
0.09125575719576495

1.429928299592644
0.09125577945057044

1.4308678052928927
0.09125596082104576

1.4382392981083787
0.09125829402361862

1.442436213098108
0.09125963003502113

1.450197386518372
0.09126215772639922

1.4512266448364395
0.09126249724457457

1.4570386609130017
0.09126438920181666

1.4650194670929684
0.09126707422932392

1.465894407594386
0.09126737544666172

1.4674751728224698
0.09126792303843519

1.4683004686431813
0.09126822109329191

1.4713134481312966
0.09126935406422083

1.485351329068378
0.09127403874349968

1.486166159433341
0.09127431362848987

1.4867968632402726
0.09127452703660426

1.4933229322918686
0.0912769888980613

1.4983461597598924
0.0912792685461865

1.4990094409090071
0.09127956157928777

1.5003112545196913
0.09128006145996408

1.5046279724393832
0.09128168858507013

1.5057342101479203
0.09128208240884898

1.5062640279616755
0.09128227337321576

1.512908577296311
0.09128472060611431

1.5252177275685084
0.09128936114128522

1.5316559770728018
0.09129193554320893

1.5319907218447837
0.09129207650326937

1.5494684114658335
0.09130072541057457

1.5517474346089923
0.09130185606097135

1.5593704676346025
0.09130589739171471

1.5608073422469966
0.09130666857724093

1.5663988527197619
0.09130976098474328

1.5687776004891951
0.09131108008750312

1.5739943543945145
0.0913139890005596

1.5809381789619923
0.0913179427312446

1.5929229462547498
0.09132492852638346

1.594464142228508
0.09132582885353994

1.5980662691673178
0.09132774841867733

1.601471778611489
0.09132957716396317

1.6036098710247881
0.09133076209553806

1.607548001550588
0.09133349182443809

1.6210853138322938
0.09134332281312528

1.628413502974742
0.0913486454362254

1.628506968399965
0.09134871176872197

1.6300865695252484
0.09134975294693813

1.6313276226764137
0.09135050729375484

1.6378869748198241
0.09135461485512691

1.6403425242143803
0.09135613752569512

1.6565158924491312
0.09136700659510083

1.6797167079482505
0.09138269992720512

1.6833812616016044
0.09138525192683311

1.685766155479006
0.09138676206604648

1.7036981292956026
0.09139814515157062

1.7038447238817005
0.09139824492915348

1.7109214884794708
0.09140302400547574

1.7196374980903726
0.09140929480857889

1.7277225910114795
0.09141535162964716

1.7372320273819357
0.09142263618079939

1.740521784235392
0.09142507327748962

1.7508771915438848
0.09143296751886726

1.751069076859609
0.09143312060058767

1.7543591410585204
0.09143535157154994

1.7568139186231642
0.09143699031603796

1.7792650291645027
0.09145237324139678

1.7885217397572508
0.09145885147336347

1.790027738896823
0.09146014200205217

1.7941228684979054
0.09146368157099939

1.8049777516577612
0.09147295691374652

1.8074305084929785
0.09147505707369462

1.8337368744330544
0.09149806479558614

1.8345459015203749
0.0914987696458383

1.8408707727346927
0.09150440226552875

1.8419498136020485
0.09150528051630451

1.8463677453372391
0.09150883894947114

1.8518119775715822
0.09151324752843581

1.8608889037659386
0.09152018850258706

1.8623220736632944
0.09152132583728187

1.873414590338742
0.09153018612736791

1.8792460912563904
0.09153481129079094

1.883767639593794
0.0915381788921846

1.8930502951652008
0.09154429351821237

1.8987608168317787
0.09154792660214418

1.9033738366960917
0.09155087802735702

1.9054630188318515
0.09155203096359119

1.9129273051231184
0.09155641840211855

1.9288080204381501
0.09156645931383238

1.929744468757868
0.09156700726379542

1.944366642846708
0.09157524119272108

1.947192419586369
0.09157679739707072

1.9481681706964018
0.09157733330754009

1.9565018749603316
0.09158190778098083

1.9638896745805783
0.09158595139800091

1.9671264072928172
0.09158791826393306

1.9790176173271337
0.09159494219190778

1.9796792606596871
0.09159533496177491

1.9911855211846288
0.09160220966138154

1.9964240220723637
0.09160552347944247

2.0068926816423374
0.09161226627682495

2.0073073285744707
0.09161253780226591

2.0158922275102875
0.09161816920468191

2.01672471817262
0.09161878913339257

2.0188510351632907
0.09162035784909824

2.021900574920816
0.09162277431694202

2.0266378721267193
0.09162638893161257

2.0295959509781447
0.0916286128467084

2.034933383609544
0.09163256139006126

2.048203773345358
0.09164317305987357

2.060188309494396
0.09165275800351759

2.0632617702794454
0.09165527169978142

2.0739947400093253
0.09166422920967716

2.0750759167514654
0.09166517575710932

2.076277206382103
0.09166623223375753

2.077623066844378
0.09166739889684691

2.079788335082662
0.09166926218648674

2.079865545049106
0.09166933099717464

2.0808478561557804
0.09167012554199708

2.0861723048526772
0.09167460103511188

2.0894877623440022
0.09167708853664168

2.099577565146578
0.0916852140997228

2.1039807730197135
0.09168872239208077

2.104944824771875
0.09168946774769868

2.1075093238325953
0.0916914589600592

2.131239131949546
0.09171079509175632

2.134587538025081
0.09171324793224134

2.1356675225010204
0.09171395067707008

2.1670013462811086
0.09173490718832053

2.167827657213903
0.09173546424700987

2.1681900753046035
0.09173570116180789

2.1685848883054204
0.09173596583613879

2.170614476831833
0.09173733845769164

2.1708228652114387
0.09173747879719832

2.170931624923159
0.09173755563756587

2.1788558490174967
0.09174304266494696

2.1806342461528105
0.09174426802459486

2.1825760589396745
0.09174582509674424

2.1887283363284733
0.0917509386993543

2.1891365467478514
0.09175128028387505

2.1911578290204843
0.09175302942947501

2.1911982680152224
0.09175306320353928

2.205505768520438
0.0917656159473151

2.2070923740120527
0.09176702572880129

2.208671761041034
0.09176837304545052

2.209605555068071
0.09176914153258667

2.2103656523962756
0.09176970579178527

2.2217872879962024
0.09177852494901191

2.225082900559192
0.09178107761433989

2.230473306345916
0.09178532640336298

2.235225673610243
0.09178872205558307

2.2490402678909738
0.0917973952055938

2.2541438119844908
0.09180064666195228

2.2560934642938144
0.09180190269764278

2.256632605510187
0.09180228932817107

2.261770472431575
0.0918059591763554

2.2714239373577625
0.09181241254121826

2.2718734974710597
0.09181268745721045

2.276939182986988
0.09181549122419586

2.280314916566353
0.09181736289411703

2.280768308606738
0.091817574085904

2.282774680408099
0.09181849822928402

2.2948233149072217
0.09182336426293344

2.30098902695103
0.09182551051169209

2.3027387745327
0.09182620271993722

2.3035578787829465
0.0918265646228313

2.305581931599143
0.09182744358730252

2.3186563801010096
0.09183409822236563

2.320341224613415
0.0918349671397817

