
L = 0.03
0.00857921166482037 8.579189211445443E-5
2.0116724516276507 0.009313212258025406
4.017492367335541 0.01426116803972051
6.027969102234607 0.01863288990726638
8.03784069683819 0.022970862000025644
10.043952536130604 0.026527483923192124
12.045402765995087 0.030333153040227274
14.045825317689404 0.033381220973735935
16.050480502854768 0.03553595234403886
18.054158090676037 0.03698568435507899
20.060758002602952 0.03824393449946649
22.076519058601335 0.03974206658992247
24.08912449254348 0.0403846782939292
26.0931112591348 0.04046058146414535
28.096104444807935 0.041037115510243784
30.106110588119087 0.0427700903733496
32.107293077270896 0.04233380932393905
34.10833801255346 0.04342716105064445
36.111583060319575 0.04360203029150304
38.11624666655653 0.045285704390586934
40.1194654808952 0.04626508059082919
42.120662802674396 0.04742792703404361
44.12440124208226 0.047660416454983145
46.12815196187195 0.04751585252766307
48.137604221831666 0.04779948242178961
50.142444172699726 0.048232078109687604
52.14890427215742 0.047627602333411574
54.15158178062749 0.0461487974883384
56.15631439137574 0.04569215257212076
58.15770340852896 0.04628099323597125
60.168935479606894 0.04743572767322189
62.17531159825622 0.04735676422529831
64.18115938053737 0.04895773775056445
66.18333328919314 0.049981842743155654
68.19746312141238 0.050911268813324854
70.19931850147799 0.051573698841164244
72.20137799046809 0.051214192257241976
74.20404814790615 0.05108022157986605
76.21336421255235 0.05169603403207197
78.22040405988031 0.051560486684804646
80.22340629086904 0.05233376603794771
82.2236714983628 0.05259230520778534
84.22476567145125 0.052784863566564616
86.22560254306401 0.05213561983814298
88.23014743206015 0.05277468618829945
90.23307127859356 0.05337871969117841
92.23776503883147 0.05360944123007701
94.25110089542409 0.05226083476058435
96.2532634560486 0.05255641517427912
98.26172857614688 0.05238472707979793

L = 0.03
0.0045568200122357546 4.556940420108101E-5
2.01067349728925 0.009674352675578484
4.012512320057251 0.015246102305957195
6.019357951452866 0.020055708965001296
8.021835507493195 0.02430757351038832
10.024742711881949 0.02854818851111924
12.026950518734443 0.03195276627227617
14.026988416530926 0.033417905877549704
16.04029443379799 0.035622058075910235
18.04235906359784 0.03628823100271495
20.045756219397063 0.035875010257095684
22.051025994125553 0.03633750006520193
24.051980640146496 0.037452087020342056
26.058063106415048 0.03819050571209049
28.06931182491131 0.039297826627390696
30.073567592551772 0.041263338181362436
32.080173602587614 0.04169753240679756
34.09638532280943 0.0417222755678647
36.09752150369704 0.042169476692974266
38.097662142299306 0.04333366292441217
40.09783249335642 0.04452808500620089
42.098748361377076 0.0448786845706562
44.10048331644157 0.04515357826758768
46.11116422714163 0.045427344359798436
48.115052069934166 0.045258236938585654
50.116557666655055 0.04509083813662314
52.11997887808326 0.04560196482311312
54.13581067653566 0.04506976928665065
56.14762545081548 0.04527870481800169
58.1547544222094 0.045078431160358
60.16499213030608 0.04587639895317997
62.16878507715065 0.047542482416041476
64.16899832862576 0.04779110475079587
66.17139516639178 0.04859170815097914
68.17527932376179 0.04864747538238763
70.18435984564724 0.048409480175175344
72.1875547826125 0.049015541174067555
74.19364392967165 0.04983278174242152
76.1943126418065 0.04888839348716742
78.20259506619288 0.04847360311546823
80.2065899389541 0.049557974437315286
82.2065918210665 0.04902251021727519
84.22760348991252 0.04922278939691906
86.22783060364715 0.05011359960715132
88.23379172425408 0.05108378980119519
90.23503389636831 0.05188361236746739
92.24698439497573 0.05198477427950707
94.2489311364902 0.05178357352322786
96.24912089338932 0.0515646930257
98.25751727845163 0.05082336308345876

L = 0.03
0.003024944511636336 3.0248425685779655E-5
2.0090684850133558 0.010387530829359696
4.011008408731574 0.016646134615760803
6.017609234754969 0.02126308803226992
8.021887176997154 0.02633509200709931
10.024262643281258 0.030254216290045183
12.024376026394897 0.0343603726389112
14.029163540669009 0.036425765239089164
16.03240036411965 0.0386195050142413
18.03268118875466 0.038833433011557325
20.034801973879947 0.039464954268210874
22.036078194896852 0.03918736055779652
24.037221221528164 0.039235249137571315
26.03857146861597 0.03944634070740396
28.039288752677688 0.041063540535914364
30.04339228992739 0.04293606963254069
32.044256704188285 0.04468018021984998
34.04505471036301 0.04658156958712306
36.04655259696008 0.046554687294612894
38.048411332799525 0.047521192544358284
40.04885009100335 0.04909059646043548
42.054161019145 0.048495600856682815
44.05490638448574 0.04876350200460517
46.057954679440904 0.049221525891179486
48.05802993737255 0.04836653460058177
50.063911763791225 0.04877698243673554
52.06444626081602 0.04866515386325359
54.070315190396244 0.04874667063757678
56.07290649786547 0.049314680069953
58.07727939333484 0.05056816316927997
60.07790466739754 0.05150773440255807
62.08233446721947 0.05177314229108704
64.10035565723777 0.052604237990662675
66.10323566842025 0.053070018679179626
68.12682975019686 0.05323758134692474
70.12702839814887 0.052761787113643266
72.13067612145639 0.05236120275401315
74.13770460103328 0.053076444635462676
76.14355925554914 0.05321206536619123
78.14538209661175 0.053289752265279836
80.14667504005267 0.05345923125177894
82.14687407009107 0.05364755152247651
84.15108877293586 0.0540662922553047
86.16471886594802 0.05593332094716288
88.16495227892996 0.05601884937231123
90.17116938111758 0.055429317339996925
92.17529878863766 0.05547757470592984
94.18155984850485 0.05507847708479761
96.18570453971772 0.05552816775885185
98.20097035229342 0.05501097552011471

L = 0.03
0.0010352689755091622 1.0350209446780273E-5
2.0048614476044406 0.009885139017592607
4.012303798934223 0.015360853861924486
6.025261023662623 0.020415631731967268
8.034853253265943 0.024344264170577806
10.035546888630686 0.028936212081353548
12.040163965473619 0.03205930140991904
14.045461974817671 0.03453589136104954
16.0505324792794 0.03617978579976942
18.06904176109685 0.03747684595954222
20.077815540336207 0.038135694503870304
22.08069642661707 0.03866461558764109
24.081619626024484 0.03901450245832865
26.082318821143524 0.03888495953366293
28.091640782377212 0.038499188774506095
30.092632947318997 0.03762579073700639
32.1029634305214 0.03800426941395275
34.1044091048774 0.038596436768032066
36.106222678861585 0.03980175126239921
38.11200558502342 0.041161895415465534
40.11970096727731 0.04254855367649563
42.124888031043696 0.04402317271173865
44.1276621902559 0.04582193889283923
46.13291195604615 0.04558239405893883
48.143783503173964 0.04549853666026935
50.15246880757705 0.045371018266151315
52.16653627354978 0.04562741530824237
54.178208921710365 0.045918423711974486
56.179559087159156 0.047921494038694785
58.18224208784511 0.0491243123239751
60.183584652150316 0.0494218747559687
62.184155240509355 0.049845922679583404
64.18653965893519 0.050341536838591806
66.18797904924374 0.04997644586013839
68.1920401188768 0.05041792675133008
70.19208528155455 0.05023747343376549
72.20107666491805 0.05038938118580636
74.20111821059238 0.05077894115728796
76.20326015653505 0.050624284644400844
78.22213721268186 0.04980724070439252
80.22954043640355 0.04968648085190067
82.23137097945519 0.04950297245404214
84.23337877922518 0.05003964201459541
86.2362825756338 0.05030747147527731
88.24824088110796 0.050043801262674326
90.25114365782781 0.04974144383857882
92.26944456515957 0.049438961585833635
94.2784084180772 0.04980758185361671
96.28061442636537 0.050742452630972094
98.28191015402157 0.051388313747872935

L = 0.03
0.004926044503821025 4.926088206412833E-5
2.010413185761248 0.009843709650759192
4.0110782428452945 0.015190177516451003
6.023217331898891 0.020309321801557218
8.032206338224476 0.02558900794774769
10.036035648897576 0.029911739831195615
12.036091592924645 0.033278912380919026
14.038152288702738 0.03649981844904635
16.045620556694317 0.037732936265110144
18.045895611056363 0.03852227643319857
20.047246665109423 0.03931489467977756
22.054562708525303 0.040066785289544236
24.056425600378994 0.04066679051037278
26.061080432933434 0.04220009127307508
28.07063440483243 0.04210981272054948
30.071036484754394 0.04285196206315508
32.07177280931698 0.04363842434623817
34.0747711221045 0.045083587273519195
36.07672752584539 0.04657360422501946
38.08565326709319 0.047032427307030646
40.08627004323329 0.047775487871503826
42.08676373716229 0.04878690324486664
44.092439898278855 0.049553260161353474
46.09278018101339 0.04829966582388749
48.099780935055385 0.04786340811787371
50.10489879569946 0.04778202359303265
52.11324480773802 0.04718734177813836
54.1145179241322 0.04703587951386514
56.11766292590637 0.04768489289894563
58.12320321489951 0.048273619107990086
60.12436682666168 0.04971072478027825
62.12460368977964 0.050726833250155395
64.128346480257 0.05117608917941121
66.13032468180396 0.05091201043304829
68.13719060796696 0.05161418842317111
70.13968319469402 0.05197463937496807
72.14784534341351 0.05207470077644969
74.15321209742095 0.05246274385111927
76.15563350853864 0.05238963145400538
78.15600696780139 0.05219819341186351
80.16395278641133 0.0530743384792432
82.1713182480882 0.05358398053870746
84.17553870625403 0.05307131269603396
86.17918631835703 0.05220374553900221
88.18135562120798 0.050688576315241256
90.18399061431367 0.04977450745400575
92.19432265140038 0.048901851211667874
94.19512009331048 0.048675336061742375
96.19654337051783 0.04961324811924784
98.19973081160265 0.050129237362847585
