10.001400105018256
0.0437989 0.0032530 0.0081268 0.0038386
0.0615781 0.0079329 0.0074060 -0.0052999
0.0597460 0.0433012 0.0096042 -0.0001418
0.0131526 0.0775201 -0.0040941 -0.0049963
0.0387481 0.0437354 0.0113409 -0.0067535
0.0680886 0.0240358 -0.0028338 0.0057276
0.0229524 0.0112747 -0.0013662 0.0094412
0.0372398 0.0235554 0.0014138 -0.0140155
0.0089740 0.0390885 -0.0038923 -0.0043736
0.0392257 0.0833812 0.0040314 -0.0036585
0.0755159 0.0675460 0.0021596 -0.0004720
0.0796994 0.0752896 0.0029948 -0.0014373
0.0083232 0.0037314 0.0109677 0.0005440
0.0040891 0.0846432 -0.0024887 0.0045009
0.0480265 0.0454487 -0.0092678 -0.0104902
0.0781971 0.0348509 0.0042355 -0.0113911
0.0494084 0.0425310 -0.0086979 -0.0050572
0.0506240 0.0751583 -0.0055518 0.0079973
0.0702690 0.0851358 0.0063390 0.0148752
0.0690035 0.0553376 -0.0029412 -0.0018269
0.0563093 0.0615120 0.0021611 -0.0013246
0.0231204 0.0209583 -0.0077488 0.0034849
0.0770451 0.0521363 -0.0024010 0.0021580
0.0681312 0.0146752 0.0045488 0.0027195
0.0334646 0.0709715 0.0088220 0.0014339
0.0636822 0.0018225 0.0087413 -0.0174300
0.0663999 0.0450279 -0.0021394 0.0086857
0.0458767 0.0552863 -0.0047203 -0.0068277
0.0873532 0.0317265 0.0023541 -0.0067119
0.0530091 0.0482113 0.0055867 -0.0011456
0.0239904 0.0380748 -0.0028661 0.0003231
0.0029922 0.0347742 0.0147486 0.0032835
0.0096328 0.0086626 -0.0065362 -0.0091571
0.0834200 0.0118494 0.0029673 -0.0002143
0.0835492 0.0055967 0.0179422 -0.0006760
0.0024500 0.0706275 0.0012231 -0.0000785
0.0859490 0.0141079 0.0032560 -0.0007649
0.0142265 0.0523022 -0.0073919 0.0025385
0.0454112 0.0652578 -0.0076047 0.0074570
0.0321878 0.0498319 -0.0077479 -0.0123597
0.0279861 0.0832810 -0.0026378 0.0081415
0.0506776 0.0069841 0.0031321 -0.0036146
0.0233103 0.0026838 0.0097176 0.0037489
0.0051660 0.0803788 0.0090435 -0.0108992
0.0487790 0.0582407 0.0038031 0.0053557
0.0665065 0.0355330 0.0008405 0.0126960
0.0216641 0.0841152 -0.0070689 -0.0032895
0.0365661 0.0473890 0.0088838 -0.0007218
0.0342881 0.0417597 0.0020884 0.0101869
0.0714872 0.0240683 -0.0086625 -0.0058686
0.0875491 0.0024863 0.0050349 -0.0091758
0.0064743 0.0370633 -0.0024772 -0.0088460
0.0018590 0.0029405 0.0015925 -0.0054599
0.0109284 0.0831866 0.0070003 -0.0037058
0.0553790 0.0668426 0.0174881 -0.0051592
0.0354462 0.0570870 -0.0122412 0.0055518
0.0203857 0.0411984 0.0026143 0.0141310
0.0816494 0.0025620 0.0029331 0.0081265
0.0241839 0.0497326 0.0069149 -0.0049014
0.0037703 0.0202379 0.0025856 -0.0059376
0.0372304 0.0090352 -0.0030389 0.0072879
0.0786329 0.0847053 -0.0074023 0.0014400
0.0542075 0.0869631 0.0072206 0.0056006
0.0574668 0.0502192 -0.0024152 0.0044513
0.0256247 0.0751089 -0.0100678 0.0163162
0.0506925 0.0505961 0.0149178 0.0061079
0.0120969 0.0425934 0.0049552 0.0056624
0.0545953 0.0135052 0.0005661 -0.0026593
0.0695519 0.0790884 -0.0037678 0.0137912
0.0100439 0.0873672 -0.0091333 -0.0056822
0.0199799 0.0377860 -0.0010361 0.0053610
0.0809141 0.0399352 -0.0034828 -0.0114243
0.0431617 0.0378217 -0.0033257 0.0060747
0.0518160 0.0023225 -0.0007909 0.0124540
0.0429028 0.0223816 0.0161008 0.0027813
0.0191580 0.0507511 -0.0049513 0.0022105
0.0458308 0.0142483 0.0102900 -0.0036445
0.0520390 0.0170831 0.0086731 -0.0002648
0.0636985 0.0414336 0.0129474 -0.0018473
0.0313410 0.0126460 -0.0053277 0.0012320
0.0193876 0.0076943 -0.0065614 -0.0054473
0.0320557 0.0201391 -0.0036470 -0.0005358
0.0316981 0.0441667 0.0091063 0.0091518
0.0464783 0.0406931 -0.0043749 0.0103914
0.0700437 0.0177661 -0.0009230 -0.0091932
0.0586763 0.0577603 -0.0005027 -0.0008588
0.0349953 0.0616874 0.0096192 -0.0004344
0.0376369 0.0374521 -0.0007131 -0.0036742
0.0046751 0.0067490 -0.0015137 -0.0075905
0.0300844 0.0741294 0.0044215 0.0012610
0.0186726 0.0326302 0.0028997 -0.0018170
0.0557146 0.0840482 -0.0038872 -0.0115074
0.0790476 0.0648181 0.0028119 0.0057221
0.0651214 0.0244784 0.0027524 0.0079909
0.0574499 0.0267900 -0.0133455 0.0080502
0.0076375 0.0139007 0.0001845 -0.0095157
0.0851818 0.0449170 0.0021690 0.0106350
0.0825506 0.0507789 0.0114767 0.0074902
0.0345056 0.0346504 0.0043783 -0.0117229
0.0779330 0.0473193 0.0005803 0.0018113
0.0726106 0.0280077 -0.0109745 0.0112065
0.0723558 0.0628966 0.0105330 0.0022028
0.0826019 0.0798214 0.0050313 0.0050595
0.0362991 0.0034361 0.0086008 -0.0216791
0.0433273 0.0805269 -0.0021801 -0.0011446
0.0424997 0.0346385 -0.0089050 0.0044846
0.0266135 0.0355343 0.0000370 -0.0024184
0.0565515 0.0168284 -0.0034013 -0.0003387
0.0526066 0.0620183 0.0166866 0.0049623
0.0021536 0.0136312 0.0154911 -0.0032192
0.0285041 0.0318571 -0.0014300 0.0014827
0.0848191 0.0202586 0.0132772 0.0036397
0.0475604 0.0860266 -0.0013609 -0.0021599
0.0784700 0.0878412 0.0022753 0.0076725
0.0869721 0.0107742 0.0067130 0.0048511
0.0380911 0.0527196 -0.0107435 -0.0005536
0.0417961 0.0863434 -0.0035254 -0.0099306
0.0431037 0.0767997 0.0049068 0.0006330
0.0350566 0.0063251 0.0026326 -0.0147675
0.0465207 0.0722171 -0.0024898 -0.0145073
0.0533586 0.0354188 0.0026183 0.0086164
0.0521843 0.0397390 -0.0023210 0.0072271
0.0232474 0.0170709 -0.0059817 -0.0004089
0.0727494 0.0513335 0.0041960 0.0071452
0.0027007 0.0258800 0.0104035 0.0002482
0.0595540 0.0841702 0.0017319 0.0017713
0.0855076 0.0812804 -0.0025651 -0.0053863
0.0402458 0.0494877 -0.0083227 -0.0043072
0.0756149 0.0074100 0.0019243 0.0073128
0.0480282 0.0254752 -0.0073563 0.0050793
0.0244094 0.0567736 -0.0089685 0.0001975
0.0041974 0.0418665 -0.0062967 -0.0017850
0.0596270 0.0109208 -0.0001740 -0.0057803
0.0796168 0.0700212 0.0086581 0.0113237
0.0767667 0.0432220 0.0026547 0.0008185
0.0199774 0.0794000 0.0050283 0.0005514
0.0131457 0.0162145 0.0043603 -0.0005636
0.0511853 0.0240669 0.0080166 -0.0034135
0.0773796 0.0022394 0.0071350 0.0059403
0.0539670 0.0201767 -0.0015262 -0.0143015
0.0322534 0.0159314 -0.0090158 0.0067944
0.0610001 0.0633345 -0.0042340 0.0031692
0.0389749 0.0277908 0.0098300 0.0082620
0.0100851 0.0267413 -0.0081016 0.0000598
0.0299062 0.0036543 0.0017650 0.0048918
0.0723884 0.0316293 -0.0011786 -0.0117649
0.0617785 0.0489732 -0.0010815 -0.0145688
0.0769903 0.0253135 -0.0012050 -0.0016758
0.0863634 0.0670170 -0.0080142 0.0098104
0.0752645 0.0795498 0.0094658 0.0044733
0.0736150 0.0564688 -0.0054060 0.0040226
0.0296500 0.0478288 0.0030297 0.0031736
0.0408618 0.0574014 -0.0120139 -0.0045763
0.0218459 0.0477601 -0.0093383 0.0109918
0.0291674 0.0785262 -0.0108653 0.0037655
0.0587138 0.0462611 0.0026798 -0.0010207
0.0668149 0.0701403 -0.0069349 -0.0097956
0.0578864 0.0335184 -0.0029044 -0.0111332
0.0632725 0.0331679 0.0054665 -0.0051077
0.0114654 0.0563617 0.0106239 0.0002079
0.0419670 0.0260143 -0.0045581 0.0059585
0.0658844 0.0636554 -0.0041131 -0.0019476
0.0279445 0.0541458 -0.0006617 -0.0083597
0.0292435 0.0684111 0.0068598 0.0012754
0.0284131 0.0399911 0.0077402 -0.0011597
0.0427235 0.0077895 0.0000859 0.0034092
0.0535368 0.0094125 0.0056684 0.0056368
0.0197553 0.0688564 -0.0100799 -0.0131404
0.0512745 0.0536770 0.0082779 0.0140060
0.0130669 0.0019059 -0.0043655 0.0034779
0.0099370 0.0775587 -0.0062735 0.0001632
0.0726644 0.0664332 0.0034509 0.0016733
0.0178123 0.0622717 -0.0120721 -0.0028886
0.0756891 0.0204958 0.0077626 0.0027483
0.0628898 0.0858417 0.0172442 0.0131979
0.0882662 0.0847505 0.0029474 -0.0094663
0.0819812 0.0279270 -0.0100280 -0.0029464
0.0492055 0.0111158 -0.0035985 0.0075212
0.0219039 0.0738890 -0.0088865 0.0026956
0.0873694 0.0717538 -0.0008808 0.0014548
0.0048603 0.0015668 -0.0033098 -0.0171548
0.0282812 0.0576275 -0.0150702 -0.0038155
0.0278110 0.0442341 0.0041438 0.0020112
0.0123471 0.0237498 -0.0044022 0.0068993
0.0137414 0.0633514 -0.0026487 0.0025398
0.0827168 0.0176019 -0.0054467 -0.0002901
0.0854330 0.0639984 -0.0102489 0.0018156
0.0726700 0.0390187 -0.0034369 0.0040891
0.0860075 0.0409646 0.0063272 0.0018134
0.0271945 0.0718342 0.0005255 -0.0165131
0.0249215 0.0627066 -0.0065029 0.0081773
0.0337898 0.0261681 0.0009693 0.0059891
0.0077790 0.0667983 -0.0037944 -0.0016704
0.0598813 0.0376917 0.0113851 0.0083256
0.0072734 0.0578769 -0.0073061 -0.0015639
0.0141903 0.0336700 -0.0008589 0.0056933
0.0378023 0.0870105 -0.0136965 0.0024910
0.0647050 0.0813651 0.0067048 0.0012708
0.0627961 0.0149610 -0.0029402 -0.0065845
0.0343674 0.0878509 -0.0019157 -0.0061667
