0
0.04921 0.011698 -0.002299631118816072 0.00973199346061087
0.019759 0.073187 0.0012018362128882046 -0.009927516795120044
0.017176 0.033158 0.0020185747207132564 -0.00979414907467195
0.070759 0.050595 0.0015935224128195533 0.009872217902773508
0.007454 0.009 0.004614885082290224 0.008871461868105794
0.018962 0.083317 0.009787326206924032 -0.002051400916266254
0.02893 0.073635 0.006795078926733655 0.007336681973444141
0.057275 0.026845 0.0025336119608641156 -0.009673717508371139
0.053641 0.059623 0.009984815113729815 0.0005508785207581249
0.078458 0.065596 -0.0016874571005246455 -0.009856596194117367
0.069572 0.073901 -0.003696867557394347 0.009291564468004576
0.0521 0.053866 -0.0094236209493293 -0.0033459480275942655
0.068379 0.079212 -0.00989247332119972 0.0014625223380693262
0.062312 0.051238 0.0009684117394499278 0.00995299847799122
0.043177 0.054926 0.00840386920036494 -0.005419869229341013
0.040767 0.047269 0.009147912559139356 0.004039269217363511
0.029897 0.036377 -0.006065505358980333 0.007950449342029722
0.035537 0.006522 0.009941690454832938 0.001078327825980414
0.030984 0.011117 -0.0041783853196871 -0.00908521304759681
0.022737 0.018868 0.007054214200709481 0.007087881348506669
0.006193 0.016279 0.009937692809363467 -0.0011145679103247374
0.064031 0.047374 0.009759137159893749 0.00218156867743855
0.045207 0.060696 -0.005976475365422649 0.008017589550887237
0.018792 0.042371 0.006124946250985367 0.007904747524275542
0.042852 0.063647 -0.006538868655295006 -0.007565923387716829
0.04826 0.035705 0.00931565641342057 -0.003635731781511966
0.014864 0.015044 -0.009934226219812846 -0.0011450543277866615
0.007185 0.047193 -0.009833375021827991 0.0018178931982075765
0.035201 0.07086 -0.0074830425536321155 -0.006633556673499591
0.056155 0.055859 0.0072176626815951914 0.00692136875297857
0.053337 0.020723 -0.004434106911247492 -0.008963185588819816
0.025122 0.057188 -0.009752864367708818 -0.0022094426050648327
0.047945 0.022063 0.001785137172735362 -0.009839374231856332
0.035796 0.036179 0.0079258133649939 0.00609766205223642
0.023984 0.032466 -0.007766558524631757 0.006299251438343273
0.026409 0.067087 0.004556567710766667 0.008901555521210807
0.01791 0.038032 0.0005318997629600222 -0.009985844112650822
0.016631 0.072783 -0.00879958021517509 0.004750514502314364
0.025109 0.042035 0.004852034079163706 0.008744013111531456
0.051428 0.068653 0.009796894998116085 0.002005205325119611
0.038097 0.032198 0.008753438811104878 -0.004835008684608832
0.073602 0.05175 -0.008765041987432136 0.004813942143249307
0.061861 0.066097 0.008420280461439118 -0.005394337489507551
0.068519 0.066041 -0.006606845319061757 0.0075066367255910114
0.036527 0.028722 0.003056072293534751 0.009521576662333253
0.025055 0.0517 0.007453840904261661 0.006666352508977883
0.044495 0.080616 0.0008624115639349279 -0.009962742910182482
0.058314 0.069697 0.00220465916892757 -0.00975394678829363
0.069633 0.018787 0.005140159144669473 -0.008577806477618318
0.031761 0.079444 -0.007277153001194026 0.00685879320268608
0.01068 0.077299 0.0016199134596633284 0.009867921786435155
0.081915 0.050375 -0.0013340847896860756 0.009910611372358834
0.078131 0.036119 -0.009661621259148686 -0.0025793554708039342
0.058348 0.045516 -0.006758745383183754 0.007370166948264625
0.019338 0.008937 0.0029152203453157773 0.009565641135765912
0.046188 0.031023 -0.0075492938533466844 0.006558060865516724
0.06836 0.082415 -0.009999947759620155 -3.23234414605236e-05
0.04288 0.012629 0.008951468620583049 0.004457713487284374
0.007042 0.040955 -0.0027433687248783994 -0.00961633651862075
0.01423 0.03117 0.009951835290926496 -0.000980292987973476
0.067563 0.006445 0.008816454948764128 0.004719123026200157
0.045592 0.05081 0.0006125758705771846 -0.009981219905541938
0.010972 0.01097 -0.006959416234687855 -0.007180983614544955
0.048051 0.053179 0.00976963332151359 0.0021340723425346602
0.010606 0.047599 0.00991350746852065 0.0013123908227297648
0.076264 0.076417 -0.009864002992797657 0.0016436073004458466
0.005304 0.029109 0.007654158267553948 0.006435360224201561
0.080098 0.040879 0.006363906115624105 0.007713669616435625
0.080933 0.029859 0.0002622929020710402 0.009996559529834411
0.085272 0.074781 0.003986210192968606 -0.009171157413187999
0.065917 0.056856 0.004346983346616874 0.009005761255120833
0.041546 0.058176 -0.006870012743478006 -0.007266562110410247
0.007545 0.052213 -0.009860994663654803 0.0016615607853375455
0.048148 0.04883 0.009987179439733632 0.0005062082956272101
0.08521 0.038629 0.004976962225964699 0.008673514109132498
0.041117 0.043581 0.007098178864269737 -0.0070438524126243875
0.008704 0.033769 0.009246165176769195 -0.003808993242826862
0.060732 0.057298 0.007798932225572244 0.006259125828814338
0.065306 0.019598 0.00825644615899266 0.005641905424912346
0.06383 0.033031 -0.006575383172105055 0.007534211049605504
0.044423 0.046273 0.009941033672199095 0.0010843659567709523
0.006662 0.080331 0.009979223706079995 0.0006442780642013545
0.063228 0.027548 -0.0040003233643180055 -0.009165010255362047
0.064261 0.037979 -0.008472322715029994 0.005312226257642533
0.018652 0.051789 0.003494192831706169 -0.009369664692765331
0.071642 0.037642 0.007346541463602988 0.0067844180681589815
0.054922 0.049413 0.00043127667701872875 -0.009990695692886442
0.042677 0.015733 0.007686788665010349 0.006396348960107509
0.06744 0.030983 -0.00921589002680549 0.0038816711625055435
0.078203 0.061989 0.00478796055686197 0.00877926156951335
0.025342 0.011698 0.009291338621880581 0.0036974351398706452
0.083854 0.047127 -0.009914503279723704 0.0013048466256031423
0.045674 0.067697 -0.007765953804120471 0.0062999969454172605
0.076841 0.050003 0.009887728173395836 -0.001494266230975668
0.009356 0.004831 -0.008952977461912813 0.004454682319367027
0.054248 0.038886 0.009429957636937079 -0.0033280473202122714
0.031008 0.021228 -0.007299082156406839 -0.006835451680322471
0.063837 0.009293 0.00046721157645247493 0.009989079704498747
0.033468 0.015009 0.0008054686090266325 -0.009967508230238523
0.023342 0.081638 0.005632376519077755 -0.008262949518624784
0.015868 0.064422 -0.009559427442450865 0.0029355318040377816
0.075117 0.025459 -0.007724465708002332 -0.006350797550378697
0.040816 0.037622 0.009858123622024 -0.0016785108438411723
0.005757 0.012671 -0.00036825100438016083 -0.00999321725961029
0.048133 0.07888 0.0038668520877672835 0.009222117703181293
0.075771 0.006042 0.00781919929306701 0.006233788768902936
0.060364 0.029609 -0.0034401697795155652 -0.00938963427871969
0.04297 0.074481 -0.00043722263550921163 -0.009990437246036751
0.018916 0.013403 0.00997952174160837 0.0006396450646771665
0.054177 0.034879 -5.052706685140305e-05 -0.009999872349961043
0.07351 0.056231 0.004792434163874435 0.008776820311760355
0.051224 0.040022 0.003751017217451862 0.00926983655920533
0.03734 0.042195 0.009102368284204122 0.004140880536638907
0.013811 0.057114 0.0048608373192419 0.008739122413369962
0.083714 0.057683 0.0010400945437947415 -0.009945763084850172
0.020281 0.004798 -0.00992814889121248 0.0011966033569718948
0.031786 0.055383 0.003838005966382144 0.009234159961903144
0.006352 0.04391 0.006976429234816123 -0.007164456373766466
0.076034 0.085122 -0.009885834727380681 0.0015067420956866309
0.011522 0.073797 -0.0047908562869980655 0.008777681700616121
0.048889 0.084477 0.0055286664586327895 -0.00833269747375895
0.052257 0.085332 0.008651741775142843 0.005014714773169872
0.080146 0.022841 0.0060764201651040605 0.007942110423377198
0.048105 0.061821 -0.006652225358411244 0.007466451485204361
0.063661 0.013036 0.00999070547567222 0.0004310499952130127
0.051867 0.063822 0.007701426452550579 0.006378717002341005
0.042335 0.025989 -0.005034060580953912 -0.008640499642224747
0.076207 0.044569 -0.009218732964069115 0.0038749145199843396
0.067901 0.021349 -0.004706577348595347 0.008823158712257714
0.076628 0.072306 0.009082483658107935 0.004184314830435481
0.055017 0.012804 -0.004876935848399819 0.008730148723280306
0.056562 0.007425 0.0035267471227643323 -0.009357459844000054
0.073156 0.010277 0.007187745805515781 0.006952431965527623
0.037976 0.021625 0.009909124393563626 0.0013450850355580866
0.029966 0.063753 -0.004367798078942314 -0.008995684517677786
0.054226 0.067359 -0.009998963618039383 -0.00014396723628927227
0.061738 0.075841 0.0005036807965628618 -0.00998730722743492
0.03881 0.05512 0.008145460394359687 -0.005800989136683306
0.033773 0.041872 0.006826937183149049 -0.007307046509865455
0.029419 0.026965 0.009998600154641674 -0.000167316907691626
0.032619 0.083709 -0.008952153170641377 -0.004456338587829201
0.062357 0.041127 0.004257935045026476 -0.009048203642289192
0.033957 0.047849 -0.007454410991024639 -0.006665715023678334
0.042369 0.070773 -0.007139253892647935 -0.007002217781268397
0.076017 0.03113 0.009342281320264703 -0.0035667603974802137
0.068726 0.012507 0.00975172549463084 0.002214463790032904
0.077271 0.069218 -0.009999016937163275 -0.00014021515724753526
0.026827 0.022858 -0.00800376808547954 0.005994972596589513
0.00839 0.065283 -0.003603126798303989 -0.009328315886340022
0.014951 0.011947 0.003391303638317815 0.009407393881024241
0.040152 0.078166 0.0025097305450992352 -0.00967994073282455
0.039536 0.018991 -0.0038284628628980433 -0.009238120593898443
0.052238 0.074566 0.00037580304826002366 -0.00999293610851778
0.041891 0.029631 -0.00899389229832646 -0.004371487312815169
0.028442 0.048981 -0.009578044375606993 -0.0028742070104471017
0.048139 0.017956 0.009956215506888464 0.0009347581400521129
0.075134 0.016996 0.004646349623588798 0.00885502316063466
0.012182 0.016605 -0.00881916327844914 0.004714059722580339
0.008166 0.057158 0.007274926039231879 0.006861155232444895
0.020743 0.05777 -0.009215347953434865 0.00388295790565953
0.084366 0.062024 -0.004726184427221489 0.008812671601727202
0.04212 0.006617 0.00922909451530901 -0.0038501707010849717
0.010517 0.027493 -0.009905389463903532 0.001372319047593849
0.038713 0.063119 0.007945608872646386 -0.00607184483027383
0.07421 0.047667 0.002413782488107394 -0.009704311108992027
0.032907 0.026159 0.0030953649905435068 0.00950887562098262
0.074696 0.038302 -0.00568718340307777 -0.008225323394235436
0.007408 0.021982 -0.008933580563715425 0.004493455052808027
0.069321 0.025431 -0.007567224260524304 0.006537363152749922
0.010231 0.042393 0.009420984288971125 0.0033533647321696515
0.06459 0.072672 0.009341795670338295 -0.0035680321822607886
0.022396 0.048639 -0.006201734251101256 -0.007844647364841683
0.054131 0.081488 0.0007510403621357965 0.009971757035469873
0.056856 0.072955 0.00998044769415329 0.0006250310586445073
0.050977 0.044495 -0.009367632304255144 0.0034996378401593842
0.020813 0.06888 -0.0007436434565168779 -0.009972311387515916
0.082068 0.043654 -0.002187563848824123 0.009757795058686045
0.034267 0.075717 0.00598149779868281 -0.008013843278000431
0.027988 0.082396 0.009834379301373996 0.0018124524150185917
0.073085 0.043433 0.009122288325746627 -0.0040968104303161015
0.06674 0.034708 -0.004190828894262632 0.009079479785704324
0.056508 0.023931 -0.008841059563891564 0.004672864837305004
0.070769 0.029244 -0.006983103518906404 0.007157951190406163
0.080193 0.005181 0.009305652550468236 -0.0036612607951311007
0.015751 0.05987 0.0028430651296938608 -0.009587334388051708
0.07113 0.059835 -0.008434045742672404 0.005372790002457709
0.067088 0.048304 -0.003544705645392215 -0.00935067173456135
0.014383 0.036598 -0.009175194859101244 -0.003976908258625298
0.036087 0.011084 0.0027967653062066283 0.00960094286109437
0.059966 0.00611 0.008206867573663918 0.005713783740074847
0.020297 0.062273 -0.008815894809877938 -0.004720169350899099
0.029548 0.057511 0.007132675753854444 0.00700891836094393
0.060293 0.012682 0.00195545637977156 0.009806946025486768
0.03602 0.064774 0.004157570408385125 0.009094757187485565
0.007481 0.076967 0.004446304892430232 -0.008957140883314887
0.070167 0.041214 -0.0026611976447369007 -0.009639399726935633
0.046194 0.039016 0.003826302200892618 -0.009239015719623185
0.021326 0.028738 0.006348545830740674 0.007726316446728364
0.050651 0.081154 -0.005009338156397261 -0.0086548559338017
0.038353 0.073805 0.009969669776004934 -0.0007782573850685562
