0.03
0.09
0.005
200
0.0015
0.01
0.25 1
0.25 1
0.25 1
0.25 1
0.25 1
0.25 1
0.25 1
0.25 1
0.25 1
0.25 1
0.25 1
0.25 1
0.25 1
0.25 1
0.25 1
0.25 1
0.25 1
0.25 1
0.25 1
0.25 1
0.25 1
0.25 1
0.25 1
0.25 1
0.25 1
0.25 1
0.25 1
0.25 1
0.25 1
0.25 1
0.25 1
0.25 1
0.25 1
0.25 1
0.25 1
0.25 1
0.25 1
0.25 1
0.25 1
0.25 1
0.25 1
0.25 1
0.25 1
0.25 1
0.25 1
0.25 1
0.25 1
0.25 1
0.25 1
0.25 1
0.25 1
0.25 1
0.25 1
0.25 1
0.25 1
0.25 1
0.25 1
0.25 1
0.25 1
0.25 1
0.25 1
0.25 1
0.25 1
0.25 1
0.25 1
0.25 1
0.25 1
0.25 1
0.25 1
0.25 1
0.25 1
0.25 1
0.25 1
0.25 1
0.25 1
0.25 1
0.25 1
0.25 1
0.25 1
0.25 1
0.25 1
0.25 1
0.25 1
0.25 1
0.25 1
0.25 1
0.25 1
0.25 1
0.25 1
0.25 1
0.25 1
0.25 1
0.25 1
0.25 1
0.25 1
0.25 1
0.25 1
0.25 1
0.25 1
0.25 1
0.25 1
0.25 1
0.25 1
0.25 1
0.25 1
0.25 1
0.25 1
0.25 1
0.25 1
0.25 1
0.25 1
0.25 1
0.25 1
0.25 1
0.25 1
0.25 1
0.25 1
0.25 1
0.25 1
0.25 1
0.25 1
0.25 1
0.25 1
0.25 1
0.25 1
0.25 1
0.25 1
0.25 1
0.25 1
0.25 1
0.25 1
0.25 1
0.25 1
0.25 1
0.25 1
0.25 1
0.25 1
0.25 1
0.25 1
0.25 1
0.25 1
0.25 1
0.25 1
0.25 1
0.25 1
0.25 1
0.25 1
0.25 1
0.25 1
0.25 1
0.25 1
0.25 1
0.25 1
0.25 1
0.25 1
0.25 1
0.25 1
0.25 1
0.25 1
0.25 1
0.25 1
0.25 1
0.25 1
0.25 1
0.25 1
0.25 1
0.25 1
0.25 1
0.25 1
0.25 1
0.25 1
0.25 1
0.25 1
0.25 1
0.25 1
0.25 1
0.25 1
0.25 1
0.25 1
0.25 1
0.25 1
0.25 1
0.25 1
0.25 1
0.25 1
0.25 1
0.25 1
0.25 1
0.25 1
0.25 1
0.25 1
0.25 1
0.25 1
0.25 1
0.25 1
0.25 1
0.25 1
0.25 1
0.25 1
0.25 1