0
9.47 11.6
7.66 5.71
9.04 8.56
4.85 5.89
7.47 8.12
5.89 10.77
18.31 1.21
6.8 17.32
5.36 2.65
14.44 14.91
11.33 0.03
16.94 2.51
4.8 2.82
9.57 1.27
19.6 5.12
11.08 6.83
5.86 16.36
4.49 10.62
14.61 0.02
15.88 17.06
19.93 15.06
4.17 3.64
4.41 11.86
10.98 11.2
17.34 17.7
11.27 9.6
16.26 0.76
12.13 7.82
8.77 10.67
17.58 7.22
3.17 9.08
9.3 16.72
4.86 5.25
10.46 8.67
1.92 0.5
14.09 4.45
11.55 3.29
1.51 11.72
4.38 9.35
6.99 2.4
16.92 17.51
3.65 3.41
12.11 5.03
11.63 13.09
0.08 18.75
17.42 16.29
11.75 2.54
12.4 4.59
16.29 12.51
6.22 5.5
4.84 8.36
15.15 0.39
12.57 12.72
12.48 12.61
4.72 5.04
14.28 13.88
15.18 12.07
16.8 5.33
1.67 10.82
8.78 19.48
2.72 17.54
8.7 10.66
7.91 1.04
8.17 19.66
0.23 4.36
1.56 5.79
0.88 16.49
12.09 9.07
9.38 5.5
8.26 12.57
10.39 14.71
3.45 16.5
12.69 18.26
0.6 6.13
11.08 6.76
7.19 5.29
19.1 10.93
19.35 17.61
8.11 16.51
3.38 4.89
16.13 2.98
6.79 4.33
5.05 9.01
18.19 18.9
11.76 0.47
4.02 4.75
18.97 4.41
1.62 4.45
10.12 18.97
1.97 16.72
9.71 1.73
3.99 17.54
15.2 4.88
16.99 1.36
3.98 7.42
17.68 3.14
17.85 15.68
15.43 13.44
3.3 7.7
16.51 0.27
14.32 14.22
6.85 8.72
14.62 10.15
12.73 2.11
7.0 15.19
6.91 17.16
7.16 0.62
0.52 2.94
17.6 6.05
14.23 4.53
4.44 12.99
18.19 7.85
19.56 12.34
13.08 2.39
13.08 0.76
5.78 5.6
1.22 14.32
16.42 6.2
5.55 1.28
3.96 16.86
3.08 5.51
11.77 18.46
18.33 2.14
16.48 18.13
7.29 18.59
1.54 19.0
5.81 11.7
15.46 16.87
17.26 9.36
16.49 5.07
12.71 8.02
19.67 11.3
7.58 16.32
12.58 19.42
5.79 7.62
10.21 7.1
1.25 11.27
0.11 4.34
4.33 14.16
0.26 14.66
11.87 5.33
5.97 0.66
12.82 11.7
6.9 15.83
7.98 0.71
9.27 4.07
4.16 6.4
14.64 16.73
11.91 18.01
14.74 5.1
1.58 4.57
4.52 12.56
7.11 6.94
14.55 4.27
7.75 6.85
9.92 3.45
14.15 12.91
15.05 6.88
0.78 16.73
19.47 14.12
18.64 8.25
4.7 0.9
1.38 1.73
8.13 5.53
13.95 14.22
8.08 8.91
18.79 16.45
4.55 14.51
9.31 6.71
3.77 11.51
16.96 9.41
13.35 18.51
16.15 16.76
6.37 4.53
12.54 1.78
17.66 6.06
17.85 6.82
3.9 8.29
6.2 18.63
15.7 7.95
4.29 2.42
12.28 12.5
2.41 12.32
3.43 2.95
11.03 5.97
7.11 3.02
18.0 4.5
10.9 7.4
14.57 3.31
9.95 10.1
4.84 18.67
8.11 5.23
8.22 8.25
12.67 4.02
5.96 4.08
1.21 6.36
2.45 16.21
12.35 12.79
0.41 8.89
15.51 16.56
19.55 14.16
18.61 9.7
14.32 5.16
19.57 1.51
15.33 18.16
12.24 6.2
17.15 11.68
5.7 11.24
4.74 11.48
2.08 18.58
15.97 2.19
10.8 4.9
7.33 18.84
13.2 14.57
13.52 10.83
14.22 14.89
14.63 14.6
8.67 15.69
19.35 13.56
17.78 2.31
15.21 11.85
15.99 1.44
6.51 18.57
18.41 15.96
9.5 13.83
7.49 4.26
0.91 14.85
15.07 9.25
6.5 9.99
13.5 14.81
6.08 4.59
3.12 15.89
0.91 19.89
6.27 5.55
18.59 0.86
5.92 5.17
1.25 4.29
8.37 4.78
9.59 1.77
11.23 11.65
3.62 19.22
12.82 12.66
12.13 2.95
15.13 14.6
5.72 13.09
10.7 2.56
17.19 9.17
15.48 15.16
1.23 19.47
19.07 7.17
17.45 7.7
4.0 14.27
6.19 13.44
7.18 7.75
3.7 19.8
11.61 19.67
18.37 2.53
10.26 19.32
0.57 7.0
2.18 12.34
17.7 19.98
1.69 8.25
8.2 14.58
7.04 8.0
14.45 3.04
10.33 16.32
17.85 19.06
17.18 14.59
4.11 8.99
10.35 0.32
15.88 14.26
6.78 19.97
9.49 7.88
7.84 17.71
17.55 19.17
8.31 13.08
15.36 0.23
7.68 2.6
9.72 14.41
19.84 2.12
3.48 1.22
10.88 11.67
7.33 1.2
8.18 4.22
0.95 5.52
13.31 13.33
11.9 1.46
17.04 10.58
7.31 8.71
16.07 19.27
3.01 10.19
1.36 3.42
13.48 13.84
7.54 3.71
3.74 16.33
3.84 14.38
12.34 1.16
10.54 10.68
14.92 15.4
14.64 9.28
12.76 14.27
10.09 11.71
0.5 6.8
1.45 17.59
4.8 10.03
3.89 15.92
18.84 17.92
15.23 9.51
16.77 3.78
6.95 5.89
8.95 15.71
6.31 4.45
5.72 13.33
4.79 4.21
3.27 12.6
8.02 8.33
11.91 3.24
4.17 4.37
16.76 10.79
1.82 6.39
18.64 8.63
0.64 17.61
7.83 16.35
4.76 5.27
1.88 11.72
17.6 9.22
10.57 14.07
13.63 11.07
8.66 1.49
19.97 12.43
17.76 18.22
12.45 6.31
7.47 3.73
7.58 1.95
19.23 4.42
4.47 0.33
16.93 5.02
10.82 4.36
16.47 1.72
5.79 3.9
6.75 11.41
4.51 9.16
4.15 11.29
4.75 17.79
8.08 10.03
13.38 14.44
3.01 3.4
17.54 18.78
1.45 13.48
3.48 17.34
10.68 4.91
19.17 10.36
15.02 1.45
10.61 9.59
10.59 9.84
2.57 7.13
19.35 9.13
16.52 2.39
4.7 9.7
1.42 17.12
7.61 16.42
8.07 2.58
3.45 17.86
4.32 10.13
12.34 19.25
14.69 7.07
15.25 17.59
14.18 3.91
10.78 3.71
13.4 0.96
15.44 19.52
18.0 16.99
3.26 0.07
4.51 5.52
9.03 7.04
1.35 11.98
19.72 4.19
14.59 14.0
3.97 18.06
2.54 18.7
5.67 10.5
11.08 13.11
18.04 19.6
12.48 7.8
5.59 7.67
12.36 7.59
7.08 8.78
6.99 14.26
8.08 6.15
4.66 17.11
16.72 11.43
14.65 8.53
6.12 2.42
13.76 0.62
11.14 3.09
4.2 2.44
15.39 13.43
4.89 16.21
11.85 8.86
10.41 8.46
10.5 7.07
12.97 4.31
5.41 16.52
4.98 16.5
8.62 11.41
17.75 18.7
5.27 14.72
5.51 14.58
17.23 3.32
16.66 1.56
2.22 19.63
2.47 12.12
9.14 4.26
7.3 19.84
10.28 5.41
7.22 6.26
1.71 5.24
16.19 13.79
1.08 9.04
5.26 2.97
0.6 11.7
3.38 12.38
11.7 1.78
8.37 14.09
13.96 15.26
19.7 4.15
11.75 1.17
18.84 8.66
1.58 0.81
7.21 3.87
10.99 19.23
16.68 15.97
14.34 6.19
17.51 4.58
3.12 18.82
3.23 7.13
3.38 13.5
1.89 14.4
2.18 16.03
4.39 15.33
11.02 13.15
4.74 6.97
6.58 1.47
12.24 14.26
11.8 11.68
6.77 17.77
4.43 6.96
4.97 9.64
16.62 3.28
11.45 12.23
14.28 9.5
1.15 11.57
10.78 8.35
15.65 2.28
2.5 8.57
7.73 0.65
9.38 9.02
12.63 13.53
3.17 8.12
14.25 3.92
15.62 16.84
4.25 14.46
2.02 2.08
17.15 13.99
11.9 10.13
19.41 11.5
2.87 19.67
1.92 8.7
8.63 15.35
0.91 0.21
13.28 10.72
13.37 5.33
2.66 0.05
1.47 4.59
0.02 0.6
12.67 11.43
10.83 6.08
0.95 10.66
3.85 4.17
17.18 18.48
7.58 17.26
7.28 5.47
16.58 1.42
10.43 4.68
5.92 1.65
9.74 15.54
3.56 0.68
14.84 9.62
16.55 2.11
10.65 0.41
19.68 1.66
13.65 19.63
12.11 4.52
0.24 14.05
6.33 16.41
6.96 16.29
8.02 18.21
13.54 9.51
16.46 11.74
4.14 2.8
17.47 14.74
5.48 11.55
2.28 18.46
18.85 17.03
17.22 16.7
16.63 6.39
10.87 12.26
8.93 17.12
16.19 7.01
7.91 8.61
10.09 9.27
1.22 0.69
10.43 19.21
11.46 2.66
1.52 8.01
5.45 11.33
1.74 16.55
4.42 12.68
3.63 6.77
7.79 12.41
4.25 0.6
8.03 15.21
4.87 15.09
12.04 0.71
19.33 14.05
8.02 11.09
8.76 5.03
2.65 13.15
7.89 10.76
17.27 2.6
6.5 17.82
9.37 17.77
15.71 18.94
8.13 13.0
10.93 4.6
10.46 4.75
9.75 17.38
15.05 1.83
5.18 16.67
17.73 1.85
11.11 4.9
10.58 9.78
2.95 18.72
3.93 16.33
6.87 13.11
7.02 9.53
19.87 16.23
4.73 17.7
2.3 19.22
15.39 10.87
12.0 13.1
11.43 3.63
13.85 4.84
18.32 2.13
2.66 15.86
7.98 2.11
14.62 1.04
11.79 9.78
6.15 8.9
2.43 13.61
12.7 5.77
7.99 18.74
13.8 10.79
14.65 5.45
18.8 9.09
17.97 7.14
10.21 4.92
17.64 1.39
10.3 13.06
4.88 16.42
1.15 1.49
10.23 8.43
13.0 17.45
0.65 6.56
0.6 12.21
1.55 18.93
3.49 12.11
18.29 9.77
10.2 11.79
16.13 17.43
12.76 14.5
1.83 13.5
7.31 10.47
8.26 12.77
14.09 17.04
11.26 16.66
11.58 19.37
8.13 10.44
19.85 1.3
13.49 18.28
12.56 19.54
18.14 4.8
17.12 7.95
1.21 2.99
10.07 4.83
4.23 13.91
12.18 19.72
11.85 5.37
6.69 10.04
5.26 6.86
17.3 5.31
0.63 3.03
4.7 6.24
11.21 19.13
8.98 0.64
14.31 12.25
5.99 7.17
12.33 9.21
8.62 13.35
17.29 11.27
9.21 18.31
3.25 15.41
15.51 12.03
18.28 7.91
1.7 19.86
12.36 19.5
4.03 3.21
11.54 13.4
2.91 0.42
12.22 16.92
18.8 8.15
17.63 19.36
3.09 6.95
6.91 4.7
0.54 0.04
10.91 14.5
18.51 0.22
18.28 8.77
6.0 16.35
18.59 14.01
12.82 12.79
2.46 16.09
0.28 14.15
15.14 10.78
3.92 3.28
16.73 4.38
9.35 4.24
19.7 1.07
14.49 2.57
18.73 4.64
18.18 9.8
19.28 10.53
16.2 15.12
9.45 10.96
15.5 4.1
3.25 17.77
6.12 12.21
1.13 12.48
1.52 0.11
11.35 1.66
12.64 8.56
13.02 14.06
11.91 10.31
14.85 6.27
19.2 12.92
8.09 0.56
14.67 5.54
11.72 15.63
3.45 11.08
11.84 4.36
16.16 10.56
2.79 18.43
19.93 14.37
17.66 9.95
12.61 12.58
19.33 19.59
4.18 15.63
4.69 0.09
6.48 8.18
15.28 8.11
4.95 19.92
6.61 16.52
2.42 9.23
6.01 13.42
7.34 8.09
12.92 5.55
2.41 17.23
10.99 14.9
15.17 13.18
16.51 10.36
10.02 11.29
12.33 9.11
3.53 11.01
8.52 8.1
16.26 7.57
6.31 3.81
15.29 3.32
3.16 0.36
7.91 12.36
0.07 6.85
2.43 19.79
7.98 6.28
3.25 5.76
13.2 14.85
7.38 5.48
8.99 18.61
0.14 16.42
4.83 10.04
14.32 0.67
2.33 16.83
3.03 11.14
9.63 9.58
1.34 4.72
13.22 5.83
17.33 14.19
0.3 8.71
0.96 19.31
10.3 19.0
6.55 10.65
1.59 2.85
8.06 0.99
11.07 6.69
2.0 1.91
3.97 1.71
10.27 4.24
9.61 17.31
7.93 1.84
15.84 8.07
0.58 8.12
1.48 18.33
17.23 13.34
14.39 0.45
10.02 1.98
12.81 10.39
4.87 18.25
7.4 11.83
6.63 6.66
2.91 1.89
13.76 8.75
5.54 12.28
1.94 14.36
2.35 0.45
16.55 12.1
9.1 0.8
10.99 19.06
4.35 8.34
2.62 16.12
1.39 10.63
6.55 1.93
8.5 5.87
6.58 12.89
6.37 18.28
10.02 15.92
3.36 18.24
18.15 11.67
7.44 18.98
12.47 3.15
7.02 7.0
17.55 12.68
16.66 4.1
0.57 19.8
17.03 10.44
13.59 18.9
11.2 9.74
4.6 14.41
17.28 19.96
1.29 5.86
5.82 16.12
1.41 4.02
19.2 5.62
9.95 15.88
16.09 12.61
5.73 12.72
0.03 8.81
12.7 11.25
18.33 1.87
15.99 15.77
9.22 19.98
3.62 16.86
8.28 17.52
0.26 10.44
19.42 2.19
15.92 13.05
0.95 13.18
15.3 8.19
17.49 2.92
3.44 14.19
17.51 17.18
2.18 1.51
8.07 8.38
3.18 4.3
17.91 5.68
14.79 11.25
12.09 16.92
0.85 18.68
9.58 12.28
12.7 16.12
14.73 18.71
14.43 8.59
13.16 1.87
16.06 19.35
0.39 1.41
3.47 3.34
2.38 2.98
16.96 18.84
10.22 19.62
11.66 18.16
2.8 13.8
17.85 11.64
19.77 2.33
12.83 16.88
9.79 17.37
7.12 4.73
5.89 0.01
4.39 19.24
16.35 10.44
3.53 1.97
1.3 15.52
3.72 3.43
14.26 17.27
8.13 2.2
13.59 2.52
12.42 17.99
6.96 16.97
5.66 13.27
15.94 16.48
5.98 19.63
5.05 0.33
19.29 9.38
13.01 1.8
4.47 8.45
5.41 11.27
14.24 17.84
11.44 10.87
7.49 3.83
16.01 9.15
6.19 6.93
4.33 18.64
2.06 6.06
2.99 7.02
10.41 6.41
3.28 8.96
15.15 3.4
8.04 3.96
18.39 13.78
3.35 8.02
11.73 4.38
11.18 15.62
3.82 7.12
16.27 12.45
12.43 15.55
8.78 19.25
11.44 5.53
2.49 13.62
13.0 13.77
12.18 8.08
4.24 19.88
2.42 6.63
2.85 4.96
15.7 0.29
4.19 8.84
12.7 15.92
17.74 9.5
2.68 3.18
9.66 6.55
19.35 9.75
7.46 9.56
17.84 17.71
17.44 11.09
6.41 3.5
8.34 12.7
4.01 19.58
0.42 11.82
14.33 12.24
4.44 9.96
12.5 3.76
15.71 4.3
8.58 3.09
15.82 10.79
6.63 16.93
7.54 1.42
15.03 19.56
16.35 0.82
4.29 2.21
3.22 15.33
2.06 0.89
1.75 14.55
13.06 6.45
8.12 18.98
1.02 12.23
0.69 12.71
6.99 17.9
2.87 16.73
0.32 10.34
17.97 0.84
16.56 19.87
4.06 17.91
9.8 2.57
3.13 11.39
15.89 0.66
19.82 4.22
19.24 12.9
1.83 13.52
12.82 19.24
8.47 14.37
18.55 0.7
18.68 5.32
3.51 5.02
13.35 9.58
18.9 0.4
8.0 19.63
0.27 0.39
7.73 15.37
3.36 17.32
7.54 4.98
5.08 0.49
11.81 12.69
10.12 4.22
16.82 13.54
4.61 10.62
5.24 3.76
9.0 1.99
18.45 13.16
18.24 19.35
2.54 10.51
9.29 6.23
16.62 17.07
0.98 18.43
4.18 11.04
9.23 17.81
2.67 9.71
7.66 9.31
11.93 11.18
16.81 6.26
18.22 8.66
16.64 4.17
4.21 2.21
10.61 10.77
3.15 4.37
7.0 0.98
8.03 10.57
1.19 13.21
0.57 11.86
13.39 18.6
13.58 18.38
2.08 2.25
11.01 11.49
13.46 9.12
19.24 7.75
2.61 7.82
15.71 19.28
10.22 10.16
15.51 0.75
4.66 12.01
16.99 12.62
3.24 10.64
0.38 11.46
13.31 13.56
13.99 0.21
17.12 7.96
14.56 17.74
19.01 19.84
1.55 19.47
4.03 19.29
19.59 11.62
6.31 4.43
13.02 2.79
16.1 13.56
18.86 14.9
11.71 7.12
17.93 3.21
6.39 4.14
13.92 6.17
7.19 5.21
7.95 13.68
19.79 17.62
16.02 17.82
11.33 16.22
2.66 16.11
3.37 12.55
5.78 6.25
4.82 8.92
11.39 6.99
1.91 10.85
11.65 3.41
4.44 2.52
13.44 4.89
15.76 3.58
4.75 16.44
14.45 11.96
16.6 7.81
14.72 11.06
4.64 14.06
11.2 10.16
3.29 18.13
5.33 3.43
12.87 4.27
8.74 17.55
7.06 5.71
19.41 18.53
17.65 9.97
18.72 16.79
4.68 4.7
13.2 7.04
5.47 7.84
12.08 2.64
12.65 14.88
1.18 8.78
17.86 9.52
7.31 17.17
3.18 9.13
12.55 16.36
13.54 5.3
19.45 14.41
11.57 15.77
19.07 0.42
17.25 17.43
1.31 3.91
1.29 4.0
16.96 4.53
3.81 19.5
7.67 2.28
11.28 1.78
5.93 14.26
9.25 5.75
14.86 19.31
18.32 17.59
3.05 17.46
7.74 13.12
0.37 18.94
12.72 9.65
18.21 14.36
3.93 14.23
3.41 1.32
4.06 3.56
15.97 17.84
18.82 5.04
11.61 3.71
8.32 17.77
8.15 13.28
16.86 15.18
5.51 0.59
14.18 8.13
5.13 2.63
17.71 5.87
8.02 2.84
10.95 12.77
12.62 16.83
4.35 2.53
10.25 12.43
15.95 12.13
8.1 13.49
12.1 6.28
19.74 3.28
17.41 12.51
11.8 11.61
7.35 14.26
18.94 4.65
3.31 3.27
16.68 8.93
15.59 15.51
6.37 7.52
0.53 13.53
0.89 2.17
9.68 13.19
2.23 4.47
18.48 16.09
16.17 4.69
13.26 13.96
5.56 18.06
9.82 2.85
11.7 1.23
2.84 3.28
11.27 13.51
16.14 4.17
0.47 8.06
15.42 9.47
0.75 3.0
14.01 13.86
2.11 9.69
12.24 5.75
18.85 19.88
15.0 15.29
3.31 13.03
14.53 18.75
7.33 13.18
0.22 5.66
19.54 10.54
18.12 12.41
5.75 8.8
5.24 18.66
1.75 5.5
16.15 14.3
10.6 8.18
12.02 15.94
2.26 12.62
16.05 5.93
4.16 15.36
3.76 17.33
1.69 8.81
6.79 11.81
6.68 16.62
1.04 0.83
15.74 8.39
14.26 6.88
4.03 0.65
11.55 14.04
8.13 10.85
3.35 4.91
16.48 17.66
19.25 15.7
14.04 8.68
14.81 16.6
10.02 14.0
6.23 8.05
15.71 5.43
4.23 5.5
3.58 13.54
16.98 2.74
18.97 6.71
17.18 15.05
16.53 7.09
1.13 10.95
18.49 7.95
19.97 13.29
15.4 18.29
9.02 18.32
13.46 19.69
4.76 18.5
17.65 19.23
2.17 14.89
12.55 3.57
16.73 7.37
2.03 2.73
15.15 13.98
4.91 17.69
3.69 1.52
17.7 6.92
13.33 9.77
9.07 5.1
17.0 14.27
13.66 10.23
11.49 6.3
13.13 12.86
1.95 18.52
12.53 8.55
6.57 6.27
17.07 14.76
9.66 13.68
18.8 6.48
0.7 4.29
13.55 13.11
17.47 11.92
9.6 17.36
17.11 11.59
6.31 16.62
18.16 17.21
2.41 2.75
18.09 3.77
10.72 14.14
3.23 3.17
17.7 8.81
9.54 8.31
19.45 15.25
10.73 14.65
15.31 14.65
12.97 14.17
19.7 12.97
5.02 1.63
1.78 2.94
8.49 11.49
10.08 15.14
17.21 2.55
16.12 6.68
8.23 3.9
8.99 10.59
7.32 8.18
1.87 6.98
17.91 13.76
19.13 7.02
1.29 2.3
12.21 17.52
10.02 12.68
5.9 10.93
14.89 18.65
14.08 15.18
19.32 1.07
5.83 5.8
16.36 7.97
5.91 17.49
18.85 14.6
3.48 13.41
14.91 2.09
1.34 18.73
3.99 15.46
4.45 12.44
4.89 0.14
2.73 16.08
1.59 16.31
17.8 1.91
3.86 2.3
3.0 1.7
12.89 6.66
17.73 19.85
11.44 1.33
13.08 18.7
10.02 10.97
19.47 16.7
6.07 8.29
1.22 8.98
2.93 10.14
10.25 2.98
15.74 10.87
10.03 1.81
2.58 7.06
3.64 7.87
10.76 10.83
17.64 7.31
15.41 2.86
6.55 2.99
14.71 5.54
4.68 13.16
11.48 3.81
10.48 8.7
9.21 11.57
15.24 1.46
0.04 13.4
13.91 0.09
10.31 5.36
4.47 14.32
11.43 18.08
14.04 8.47
5.94 16.42
7.68 7.47
7.45 18.99
2.8 10.78
6.96 1.15
2.65 1.13
8.61 3.25
13.7 14.5
17.88 3.56
6.0 8.76
18.52 17.31
16.11 0.12
11.5 11.6
18.89 15.46
19.4 6.67
9.37 3.49
19.41 13.72
7.1 8.76
16.15 0.67
17.8 19.34
18.76 2.33
12.61 12.65
7.51 0.52
7.94 1.51
11.29 19.34
12.43 6.8
5.48 1.78
8.6 3.54
0.27 14.89
17.46 4.37
4.24 17.76
6.79 11.85
8.29 12.4
14.54 7.57
7.33 8.09
5.45 7.45
12.7 6.92
6.41 7.47
7.84 3.94
13.87 7.69
15.77 2.95
11.23 12.23
17.16 19.44
9.9 10.95
13.22 8.93
17.92 10.77
17.19 4.64
1.06 4.51
3.06 14.76
6.68 15.2
4.21 4.88
6.04 7.86
15.09 7.86
10.67 6.52
15.04 15.84
18.79 16.05
14.98 7.22
7.96 12.84
13.02 4.72
15.64 9.05
9.19 1.85
14.01 19.53
15.09 15.83
16.08 12.08
6.78 1.71
12.42 5.17
0.01 15.78
0.48 7.75
16.26 7.59
12.3 14.89
19.07 0.83
5.17 0.83
15.24 13.51
6.74 9.82
14.82 4.47
2.5 5.93
4.18 16.05
14.06 13.7
13.42 17.22
0.57 3.64
16.27 3.99
5.87 0.28
12.48 1.13
14.47 5.0
5.9 3.02
7.25 0.23
13.58 19.42
14.01 17.22
14.99 0.66
9.2 1.51
12.48 17.53
3.52 5.68
9.22 11.3
14.97 10.14
5.79 18.37
11.86 15.71
5.93 7.33
13.16 0.13
18.47 18.53
9.96 1.49
19.54 17.29
18.04 7.92
6.59 16.96
16.26 11.21
14.41 12.04
12.99 10.22
14.3 11.08
1.44 2.5
9.44 17.71
12.63 1.27
7.27 12.26
14.36 17.2
6.39 17.09
9.62 4.9
15.38 6.26
16.63 6.02
9.11 6.99
13.22 1.58
16.07 0.16
0.89 2.13
1.43 14.6
13.5 7.06
13.03 2.79
15.22 5.38
13.22 0.74
12.56 6.04
11.52 6.61
17.07 14.75
18.43 15.73
9.77 7.42
15.54 19.02
9.64 19.99
12.8 8.94
15.36 14.3
1.13 3.68
6.46 5.69
13.68 3.19
10.39 0.17
1.63 1.83
17.63 2.03
2.15 10.33
16.57 2.1
9.52 9.23
11.75 1.14
16.19 4.18
17.19 16.13
6.22 17.12
11.95 6.39
13.66 1.04
11.49 13.84
16.09 9.75
17.24 2.08
6.54 5.29
17.03 7.56
14.37 3.47
13.89 10.04
19.56 0.45
2.88 15.17
1.55 19.12
19.17 1.08
14.42 12.24
15.73 6.6
11.36 0.97
0.87 12.03
13.87 2.5
1.65 4.76
3.62 4.18
2.27 14.01
19.97 14.41
16.81 19.98
5.79 9.55
1.35 9.78
8.43 8.44
6.53 10.85
16.45 18.0
13.52 16.72
14.95 10.17
8.95 8.01
5.0 18.55
19.4 11.2
11.4 19.58
11.87 19.48
4.81 16.64
3.14 4.16
17.72 10.94
9.49 8.28
18.5 18.62
6.65 12.08
7.14 11.27
8.15 10.28
2.87 4.4
3.26 11.04
8.55 15.89
8.6 5.1
6.52 7.63
4.52 13.76
2.97 7.4
2.4 4.01
4.43 16.69
13.96 15.16
10.59 12.76
2.88 10.99
5.47 7.21
13.56 9.35
18.36 13.54
12.55 6.3
16.11 10.32
10.98 11.91
18.91 12.96
13.0 19.95
11.77 16.36
16.48 0.86
17.29 2.36
15.16 18.99
14.64 8.25
4.17 9.92
0.1 11.04
9.81 18.57
7.05 17.88
18.2 3.93
17.89 9.01
7.64 2.27
12.03 19.68
14.33 6.12
2.98 5.04
4.65 0.93
17.65 9.82
12.18 13.44
6.92 9.16
3.84 2.32
19.22 18.31
17.88 3.84
11.7 5.1
3.17 2.65
3.68 6.8
15.06 12.87
2.12 17.53
5.44 9.64
10.98 12.76
17.95 10.07
4.91 1.12
11.55 14.91
19.17 8.98
5.19 1.0
11.3 3.34
5.39 10.39
9.99 16.71
12.01 18.95
9.23 5.85
11.36 19.69
1.0 6.9
8.74 18.44
0.26 15.08
15.76 3.55
3.01 7.18
12.84 14.5
14.29 14.24
8.96 11.73
0.2 11.02
19.57 10.03
0.72 19.32
12.58 12.71
19.36 6.59
4.46 7.95
19.36 10.73
8.57 19.13
11.66 17.27
12.92 5.94
8.97 15.67
6.99 16.01
2.27 5.46
17.63 5.13
17.97 5.59
15.29 11.29
3.38 10.14
19.11 14.66
0.96 5.41
9.99 11.34
11.25 18.0
12.79 14.48
8.71 7.34
14.23 16.47
5.15 2.78
4.85 4.21
9.2 14.35
19.38 5.21
14.06 11.23
13.5 8.2
17.51 5.1
6.03 14.49
9.91 17.72
7.44 17.98
16.36 18.39
8.26 0.43
18.37 8.12
5.95 0.52
3.78 12.63
8.65 3.1
7.0 10.91
19.0 4.14
16.38 5.18
13.71 19.01
19.05 1.82
7.25 17.89
7.4 13.39
6.08 11.17
3.47 16.09
6.47 6.03
4.33 0.93
10.76 2.52
1.94 9.92
10.46 11.62
19.76 6.62