180.00000004593494
10.3400 1900.3400 11.0871
71.4837 1961.4837 11.2608
114.5943 2004.5943 10.9089
43.4663 1933.4663 11.0962
80.0389 1970.0389 11.2618
30.7146 1920.7146 11.0929
88.7599 1978.7599 11.2623
118.4480 2008.4480 10.9108
47.7331 1937.7331 11.0967
52.2037 1942.2037 11.0970
34.9787 1924.9787 11.0942
56.4272 1946.4272 11.0976
133.6205 2023.6205 11.1363
22.3583 1912.3583 11.0904
26.5231 1916.5231 11.0919
39.2176 1929.2176 11.0955
2.5089 2027.5089 11.0669
6.4185 1896.4185 11.0777
18.2607 1908.2607 11.0897
84.3183 1974.3183 11.2618
75.7608 1965.7608 11.2611
14.1843 1904.1843 11.0881
122.3017 2012.3017 10.9115
67.2063 1957.2063 11.2613
62.9959 1952.9959 11.2600
