0
0.054058 0.015157 25.8643
0.051599 0.005319 197.0075
0.065248 0.034351 40.4915
0.023114 0.079971 315.3601
0.011892 0.058593 38.6978
0.058169 0.006132 24.5306
0.024469 0.012087 259.0853
0.055027 0.024791 248.6307
0.011054 0.04926 63.0529
0.02253 0.083103 262.8194
0.056242 0.062153 31.7416
0.041655 0.066421 330.4369
0.004975 0.004965 277.6946
0.014014 0.0675 255.3163
0.05508 0.044082 117.2427
0.074413 0.053809 1.6287
0.027742 0.05705 78.3189
0.057178 0.074973 168.4545
0.072988 0.067649 267.5811
0.084612 0.053504 241.5255
0.017511 0.062871 161.6842
0.026897 0.024789 29.2108
0.084679 0.050372 348.9344
0.030294 0.01351 239.6522
0.070814 0.085107 117.1774
0.061048 0.027774 302.3518
0.054719 0.055308 206.2308
0.038264 0.059893 175.2308
0.054898 0.047115 193.5084
0.018959 0.051765 218.6022
0.032141 0.043197 273.7967
0.009209 0.036734 249.4503
0.03292 0.023961 324.1906
0.057077 0.031354 332.4817
0.071745 0.029079 330.8397
0.006016 0.05938 50.459
0.082961 0.024622 310.1353
0.013535 0.032091 83.3575
0.03589 0.069196 163.5959
0.045543 0.031666 281.1332
0.008924 0.079932 172.3566
0.033261 0.005641 57.8426
0.044067 0.009687 238.1196
0.043391 0.071494 150.105
0.058699 0.052223 19.3374
0.06608 0.041905 322.0618
0.031678 0.08334 241.2116
0.027212 0.046366 352.6181
0.036526 0.038792 183.0867
0.080012 0.025758 185.3056
0.072379 0.007639 184.9831
0.032787 0.056208 326.4889
0.016914 0.005555 201.9582
0.010199 0.073579 225.2922
0.057647 0.08076 264.4082
0.058108 0.04888 80.4665
0.020185 0.029646 148.216
0.066386 0.012088 234.9989
0.007874 0.050998 55.7322
0.016198 0.028271 349.6819
0.006542 0.015304 63.4633
0.05976 0.062597 20.0576
0.004791 0.082979 148.8215
0.084934 0.031936 320.2056
0.026455 0.0818 105.8131
0.038954 0.050655 80.0191
0.004565 0.039144 237.3215
0.036395 0.00608 79.9479
0.079892 0.066708 354.6793
0.039176 0.074554 317.3921
0.023856 0.045913 95.2257
0.072472 0.056552 183.2702
0.019582 0.046999 67.5315
0.076505 0.009072 202.7412
0.033568 0.019063 122.2306
0.027964 0.032043 174.1128
0.047096 0.023968 157.6296
0.065212 0.015392 120.2093
0.03292 0.052339 352.4331
0.01775 0.017876 176.3008
0.029433 0.010346 70.7286
0.038772 0.029587 239.6617
0.045319 0.036417 216.3188
0.058387 0.04134 157.6259
0.051832 0.026271 67.0108
0.080475 0.050126 58.8601
0.060997 0.069184 151.4286
0.039214 0.055412 128.0881
0.013952 0.014951 71.1653
0.021354 0.069768 9.6236
0.018685 0.056833 202.8098
0.052615 0.083662 286.5945
0.071153 0.081641 270.3145
0.0617 0.016721 351.19
0.085083 0.006913 305.9956
0.006379 0.02257 199.7294
0.083682 0.056665 204.4472
0.07 0.049089 326.6933
0.044771 0.04987 34.3049
0.074578 0.039483 316.2536
0.081856 0.009786 173.0641
0.068473 0.060127 158.6446
0.080452 0.061032 103.8864
0.020476 0.009519 168.6831
0.054563 0.078076 44.9569
0.068164 0.055947 184.8679
0.041674 0.04494 204.943
0.077467 0.017913 266.4833
0.048215 0.068701 145.0155
0.02042 0.016119 162.1005
0.042031 0.03561 127.3353
0.078808 0.028592 199.5764
0.075357 0.061812 72.2913
0.084072 0.074358 39.853
0.083226 0.013412 249.4324
0.021596 0.050086 326.209
0.052412 0.060738 94.5823
0.036191 0.072262 356.8665
0.040637 0.004877 351.8127
0.07112 0.062276 39.0369
0.026807 0.05084 330.7241
0.051892 0.053319 14.4254
0.018088 0.024166 2.3841
0.031539 0.048024 276.9943
0.033451 0.014979 134.8818
0.02733 0.06181 329.3436
0.078394 0.080689 22.5489
0.029051 0.039897 157.9964
0.043675 0.025061 268.3876
0.05472 0.019119 164.6509
0.022321 0.057861 161.4317
0.007007 0.045675 89.617
0.063287 0.011899 292.5824
0.070088 0.070973 251.889
0.078989 0.057715 1.974
0.009745 0.084249 305.609
0.01325 0.021315 94.1976
0.046412 0.007373 28.1191
0.077362 0.004933 70.5229
0.067426 0.023884 253.1687
0.022109 0.026646 353.7902
0.067514 0.082968 206.2999
0.023799 0.021752 121.4118
0.034388 0.029148 171.9765
0.051657 0.010785 104.0231
0.079146 0.054189 100.4737
0.078623 0.044509 71.9013
0.05596 0.011901 259.8941
0.048424 0.085474 86.3138
0.074137 0.074322 322.6316
0.078047 0.038277 288.7125
0.039783 0.037889 226.6747
0.033934 0.046169 225.0104
0.020618 0.038225 100.4136
0.023524 0.074922 64.892
0.046486 0.055288 96.1856
0.046857 0.072292 349.6459
0.076993 0.047972 120.4202
0.061113 0.045557 198.795
0.016132 0.046487 68.1465
0.037925 0.026424 243.1458
0.062264 0.074802 268.4872
0.016687 0.032902 71.8122
0.050652 0.063545 112.5432
0.012651 0.036145 39.9331
0.068934 0.009497 230.6733
0.0373 0.020104 294.9266
0.036679 0.076234 40.643
0.048591 0.037709 204.3613
0.01309 0.027568 212.2471
0.012441 0.063387 32.0263
0.065445 0.075253 111.0591
0.020386 0.064102 85.7883
0.06519 0.027538 322.5646
0.060777 0.084913 309.205
0.06907 0.074918 320.1295
0.070504 0.014875 114.3005
0.049282 0.018755 220.0044
0.015076 0.071209 323.6085
0.084957 0.082202 67.3934
0.013772 0.010859 329.5797
0.044714 0.05788 305.6389
0.024231 0.037715 287.4215
0.026911 0.007086 252.3374
0.01747 0.081992 254.0253
0.060475 0.013774 130.9932
0.078186 0.063132 350.0141
0.062834 0.036859 180.459
0.052778 0.040482 142.3333
0.015273 0.085412 268.3262
0.039038 0.08387 50.3237
0.028496 0.017794 313.0546
0.013536 0.078754 137.0468
0.050064 0.050584 53.3417
0.005942 0.054097 226.1774
0.005827 0.042217 176.9925
0.019244 0.072348 253.8664
0.030196 0.068521 342.9627
0.064685 0.006052 18.783
0.052049 0.071764 232.4036
