0
0.040716 0.084572 -0.0016671023623982967 0.009860059315911138
0.006696 0.034488 0.005496018134952631 -0.008354267452043405
0.013395 0.022523 -0.008269716654719672 0.005622435989022203
0.015313 0.025647 -0.0020870034474608314 0.0097797963480988
0.073114 0.071385 -0.00959756291775051 0.0028083422227036937
0.063686 0.059521 0.009768447375323541 0.0021394943036929567
0.035227 0.055475 -0.007933660899867868 0.006087448129217018
0.013687 0.005324 -0.009990856078055945 -0.00042754511758710237
0.031557 0.080927 -8.503141644681775e-05 0.009999638476375887
0.009231 0.069097 -0.0071627271381782065 0.00697820463615144
0.084578 0.06293 -0.009003894043477493 0.004350849578396216
0.04686 0.075287 0.0011630671321568582 0.009932133448866684
0.032684 0.039401 0.007021629946858076 -0.007120162420154884
0.03676 0.025787 0.0023126739382706867 0.009728902263628901
0.057267 0.027992 0.0010641331858925688 0.009943219828741702
0.083696 0.039161 -0.0014170293925037448 0.00989909226650507
0.014087 0.071965 0.004859159438611787 0.00874005546607972
0.083303 0.032731 0.0074022399496593205 0.006723603477873125
0.045801 0.029727 0.007575627058180533 0.006527623968594007
0.042644 0.055747 -0.00868034215131552 0.004965043820158595
0.072085 0.03539 -0.0030616222815801485 0.009519793537936208
0.025515 0.010905 0.008531149283702534 0.005217230290027626
0.008908 0.038257 -0.0048435771175981 -0.008748700515269688
0.078649 0.022467 0.006558126745283982 -0.0075492366231819045
0.046437 0.017078 0.008875558104271647 -0.004607002098729487
0.010257 0.079418 -0.0016738307122200955 0.009858919349849088
0.070483 0.014465 0.0030336125138891936 0.009528756220807356
0.071689 0.079007 -0.004730321398827594 -0.008810451717352168
0.07649 0.055377 -0.005002357753815139 -0.008658892360044993
0.048399 0.079472 0.003823496252848785 -0.00924017729291226
0.03154 0.009354 0.007767097215351574 0.006298587210420909
0.007104 0.079388 -0.0016847045538586982 -0.009857067036710656
0.071032 0.063701 -0.004678789122382722 0.008837925794453874
0.061789 0.009945 0.008235939772143536 -0.0056717983100269265
0.025505 0.03004 0.0007329737883108565 0.009973101294263948
0.017905 0.019463 -0.008459028667821162 0.00533336985375848
0.022618 0.034159 0.009991296868121545 0.00041711736126012067
0.042102 0.028531 -0.005304105761280376 -0.008477408924497646
0.006677 0.027418 0.00831381363394743 0.005557022841413362
0.030838 0.021983 0.004986965220879439 -0.008667766603095569
0.021774 0.075731 0.009060324672149464 -0.0042320818559238305
0.050827 0.059638 0.00510997566272181 -0.008595821585304735
0.039824 0.062804 0.009977151583895205 -0.0006756080757194883
0.019511 0.080981 -0.009331488027088159 0.003594903503615967
0.019178 0.035961 0.008787971247115755 0.004771955716461203
0.019617 0.028901 -0.0017885716534424773 -0.009838750501994755
0.080946 0.055387 -0.001168354094245909 -0.009931512911458093
0.039256 0.016902 -0.0013459670591462515 0.00990900462587909
0.02809 0.015726 -0.009441787507196722 0.0032943358464103062
0.046438 0.022632 -0.0020393735676225737 -0.009789839398666476
0.0811 0.063879 -0.003442300131385104 0.009388853487272347
0.03583 0.04692 -0.007473239631475469 -0.006644598513871578
0.071377 0.023061 -0.009693039021951113 0.002458657055982597
0.066125 0.011106 0.007012017467015629 -0.0071296290957011035
0.038403 0.071898 -0.009481729144520607 -0.0031775481790129526
0.054862 0.066019 -0.009177102581134246 0.0039725040233257345
0.074641 0.050711 0.008069242325910289 -0.005906549609182835
0.060308 0.049282 -0.00782759156348391 0.0062232475698204
0.071701 0.03173 -0.009958235917653019 -0.0009129826988313234
0.068345 0.073798 -0.006072149915276739 0.007945375724684433
0.067093 0.079588 0.009785898858447536 -0.0020581990992698455
0.011869 0.038826 0.003937830885254443 0.0091920339380975
0.060211 0.031813 -0.009994666413041049 0.0003265628454512192
0.042472 0.004814 -0.009212784227006297 -0.0038890367427711447
0.041234 0.007707 -0.006905403817526842 -0.007232938415117727
0.061846 0.043765 0.008818570822601655 0.004715167934099354
0.059658 0.021448 -0.002681178734370023 0.009633861146724192
0.076162 0.040096 0.0007744988528944783 -0.009969962463663799
0.074848 0.036919 0.004482334452287962 -0.00893916538933207
0.033764 0.020975 0.0029914071842975717 0.009542090078055902
0.053012 0.07317 0.009971308282302116 0.0007569749925151121
0.030533 0.004934 -0.006978617168044411 0.007162325210563662
0.03798 0.050878 0.009973994379217806 0.0007207191709200065
0.045898 0.037652 0.009912450618774216 0.0013203494728149284
0.065218 0.066005 0.0014370161815908744 0.00989621061284803
0.006757 0.084446 0.00971483772091895 -0.0023710605340670453
0.017311 0.056026 0.009850185673036532 -0.0017244831708966707
0.066275 0.050617 0.008195392752582823 -0.0057302301551432405
0.010841 0.011116 -0.00995909669176028 -0.0009035447327993542
0.016966 0.039473 -0.009328806314020804 -0.0036018568482777858
0.046917 0.041786 0.0017369974184224125 0.00984798659464938
0.044113 0.061955 0.005553220550916412 -0.00831635385928711
0.012204 0.033331 0.003551232781400357 0.00934819478467942
0.040229 0.06616 0.00615471660795576 0.007881590161620532
0.00702 0.020223 0.008006247179330182 0.005991661380908263
0.04624 0.011112 -0.009462378962623625 0.0032347155002716756
0.074606 0.016933 -0.004907790630822626 0.00871284058869492
0.082416 0.016909 0.007350483290020099 0.006780147152026666
0.007057 0.006407 -0.00568062094953779 -0.008229856962771126
0.066835 0.085495 -0.009779413720520838 -0.002088795653693479
0.062246 0.005308 -0.005750209592842855 0.008181386779658935
0.020872 0.023875 0.009585451660578437 0.0028494063351361602
0.023294 0.067216 -0.008251618118792891 -0.005648964367174647
0.050629 0.065793 0.009995693868267713 0.00029343498747634605
0.055169 0.018055 0.0026789759962927303 0.009634473914609318
0.035614 0.077906 -0.0041115960161311575 -0.009115633724548962
0.044945 0.014093 0.0037365001380820907 -0.00927569764050729
0.006618 0.048156 -0.009455719758948987 0.003254130274008972
0.025205 0.062752 0.0060157106574891565 0.007988192867311816
0.057847 0.01342 0.006237922961427951 -0.007815901555629392
0.038427 0.004628 0.009310965671819965 0.0036477278212868596
0.08031 0.071053 -0.009073656118273819 -0.004203422967928887
0.006701 0.011645 0.009996958775237628 -0.0002466074739325276
0.069003 0.059687 -0.002862319126525711 -0.009581603687166627
0.069796 0.052993 -0.005953123215911352 -0.008034943931115965
0.070687 0.049131 -0.009822656594337701 0.0018749446471066948
0.029222 0.065882 -0.008866930975557047 -0.0046235846563793944
0.061308 0.038628 0.002915420686995845 -0.0095655800774358
0.018694 0.069796 0.009852938999023763 -0.0017086816793998219
0.039329 0.033175 -0.005859113665112198 -0.008103751418898256
0.056237 0.060792 0.009983073801542203 -0.0005815818712457526
0.040774 0.0198 -0.009294684042001703 -0.0036890172891108643
0.007105 0.040719 0.007323979361725044 0.006808768340091006
0.051446 0.039578 0.006521460375283906 -0.007580933621500843
0.00793 0.058691 -0.009898095610548621 -0.0014239744676215675
0.073113 0.025971 0.00539918632790583 0.008417172149632841
0.06672 0.033207 0.006136115200158665 -0.007896080689201562
0.025772 0.078335 -0.0047709893997092 -0.008788495897926017
0.042739 0.023218 0.0035157370193253353 -0.00936160206433415
0.062301 0.053087 0.009804940928267917 -0.001965485536242047
0.072847 0.040397 0.00012784188513589344 -0.009999182789228572
0.05136 0.03174 -0.009121387169503543 0.004098816427216051
0.054469 0.049547 0.008824653311034148 -0.004703774435499011
0.030953 0.030475 -0.004896792227624764 0.008719026658949592
0.011613 0.056916 -0.007716578873077106 0.00636037817237152
0.055819 0.057746 -0.007125895410558448 0.007015811756153528
0.030542 0.0341 -0.00580734215074684 0.008140932203633627
0.064541 0.039007 -0.009175194859101244 -0.003976908258625298
0.012959 0.014669 -0.007889135857943869 -0.0061450415307713144
0.076343 0.076786 0.007644332753316555 0.006447028521464114
0.050393 0.010467 -0.00996219907448485 0.0008686711692770753
0.06657 0.046809 -0.009998752579523956 0.00015794572948653714
0.033804 0.061062 -0.0062278504942518235 -0.007823929845112834
0.076195 0.069411 0.0009577799782824758 0.009954027200746502
0.026788 0.02702 0.007456876860579153 0.006662956362318396
0.047221 0.063537 0.00941868195182107 -0.0033598259315684876
0.064878 0.055448 -0.009973278820780633 -0.0007305542847512981
0.031327 0.063358 0.0028886972154412317 0.009573684160107962
0.030569 0.045049 -0.00018544805510394653 0.009998280303075032
0.050987 0.062739 0.007386565541601913 0.006740819645979207
0.083381 0.053337 0.006772202037404232 -0.007357803990633209
0.060517 0.01706 -0.004367876580932652 0.008995646401106486
0.046107 0.071427 -0.003255202970445306 -0.009455350528732611
0.074724 0.042997 0.009984105140705014 -0.000563599626816526
0.025679 0.085294 0.0031278917861903505 0.009498225780317235
0.031698 0.053779 -0.003710874697949344 0.009285979160870402
0.017378 0.063947 -0.006116955016818557 0.00791093302475873
0.07815 0.011347 -0.007426260755661479 -0.006697062877778751
0.068106 0.041038 0.009895698340048616 -0.0014405396081882253
0.062322 0.081034 -0.008138478632311152 -0.005810780115562351
0.040624 0.042421 0.003925875431112382 0.00919714641067479
0.024053 0.049173 0.00017216822391978614 -0.009998517795287076
0.01295 0.068086 0.0047352259727922565 -0.008807816698058244
0.005679 0.016425 0.007597821899790154 0.006501776863217404
0.029629 0.059529 0.009042055824000552 -0.004270974885861273
0.042285 0.03369 -0.009989635113106271 -0.00045518161978956936
0.050467 0.014849 0.008207755021266838 0.005712508863088879
0.054048 0.036773 0.0015262879603985702 0.009882835881564682
0.067097 0.004566 -0.009563078176199325 -0.002923616903067194
0.042868 0.048521 -0.005240171230407108 0.00851707728484447
0.011159 0.082404 0.008039793466385028 0.005946572207404247
0.053706 0.023006 -0.0024384183308529864 -0.009698150135142275
0.041422 0.03805 0.005817823282473707 0.008133445288062547
0.026711 0.045661 -0.0033771137720929613 0.009412497148490408
0.005434 0.073053 0.0021583637154040146 -0.009764295472384445
0.031936 0.073506 -0.009887793363647477 -0.0014938347960229432
0.02064 0.057429 -0.007318034802437747 0.006815157124403658
0.084464 0.049562 0.006273421191898664 -0.007787437739657168
0.065235 0.021108 0.008625392807728383 0.005059901077332193
0.072416 0.082537 0.0026818176703401566 -0.009633683303028563
0.046525 0.048581 0.009374825971061866 0.003480321538637476
0.016701 0.084289 -0.009812348253312283 0.0019281653859872612
0.023933 0.014502 -0.009721960826234928 -0.002341682662777663
0.016614 0.012072 0.008008150026158565 0.005989117894860359
0.053522 0.084104 0.007910174960884255 -0.006117935279830915
0.04736 0.052469 -0.009560164920142241 -0.002933129165188895
0.08534 0.004557 -0.009242990902034504 0.003816689558361723
0.061056 0.057978 -0.009218313603993623 -0.003875912060202877
0.012686 0.042065 -0.0015789438720194404 0.009874560053440977
0.027264 0.021705 0.0012810844101771271 0.009917601662398077
0.069602 0.028698 -0.0030430739512647843 0.009525738865155486
0.028758 0.083594 -0.008989982309314838 -0.004379522585648605
0.061546 0.065126 -0.004227495471617366 0.009062465560621716
0.016239 0.078602 0.005451263738411204 0.008383538850287694
0.085048 0.058839 0.005864147696130955 -0.008100109369506194
0.056803 0.009983 -0.003917093172721027 0.00920089023281021
0.075574 0.061884 0.009984024377768658 -0.0005650285162017704
0.082104 0.027581 -0.00038333743704606696 0.00999264991928362
0.080625 0.059078 0.009561862914755281 -0.0029275890421006268
0.049743 0.020539 -0.007565866325035043 0.00653893468018306
0.046742 0.066958 0.004544398657963305 0.00890777417975452
0.017799 0.050957 -0.008381026198421503 -0.005455126017002028
0.005319 0.063368 -0.00025803574020030263 -0.009996670323501685
0.082056 0.045988 0.001592591971126442 0.009872368044876751
0.049747 0.026914 -0.002900191081027131 0.0095702085501587
0.02482 0.057353 -0.00813215552808889 0.005819625973116597
0.040184 0.011738 -0.0008458045790210552 -0.009964166528822519
0.079083 0.039141 0.004361375490230563 -0.00899880013297418
0.078171 0.052611 0.0077078240260541496 0.006370984914703722
0.064851 0.016693 0.005493159947748175 0.00835614706599012
