10.003601151586665
0.0085272 0.0514660 -0.0082777 -0.0040485
0.0809560 0.0516790 -0.0063224 0.0044989
0.0607166 0.0754873 -0.0044029 0.0083395
0.0710670 0.0646200 0.0025978 -0.0126400
0.0661699 0.0441959 -0.0092238 -0.0000454
0.0682840 0.0264055 -0.0100676 0.0034193
0.0095849 0.0341875 -0.0050593 0.0133876
0.0097498 0.0086819 -0.0002990 -0.0087276
0.0881834 0.0723093 -0.0011402 -0.0032897
0.0316889 0.0142118 -0.0011149 0.0075252
0.0075359 0.0733431 0.0074900 0.0077422
0.0570829 0.0396074 0.0040647 -0.0209120
0.0455534 0.0344209 -0.0004539 0.0049214
0.0193899 0.0637460 -0.0199754 0.0090315
0.0023352 0.0224147 -0.0014004 0.0039060
0.0303540 0.0883740 -0.0069748 -0.0123435
0.0466565 0.0016433 -0.0007612 0.0040632
0.0171490 0.0424380 0.0025700 0.0005992
0.0333537 0.0762022 0.0133418 -0.0208967
0.0565818 0.0818502 -0.0008457 0.0083992
0.0492581 0.0321282 0.0084750 -0.0065861
0.0438800 0.0078393 -0.0008696 -0.0012381
0.0526525 0.0488242 -0.0053990 -0.0048908
0.0699851 0.0755993 0.0004393 -0.0056039
0.0021988 0.0098029 -0.0062341 -0.0024306
0.0199299 0.0449553 -0.0071796 -0.0001255
0.0780747 0.0648137 0.0071339 -0.0074110
0.0602284 0.0622104 -0.0092814 -0.0027103
0.0626836 0.0035306 -0.0049697 -0.0003486
0.0250598 0.0284446 0.0107040 -0.0082737
0.0289968 0.0624288 0.0025735 0.0024124
0.0528966 0.0823955 0.0019785 0.0063493
0.0338716 0.0077168 -0.0041051 0.0082202
0.0446442 0.0625654 -0.0064305 0.0139341
0.0596923 0.0231618 -0.0035778 0.0025352
0.0344372 0.0263117 -0.0056342 0.0000567
0.0319177 0.0649944 -0.0057843 0.0020479
0.0210235 0.0746842 0.0064032 0.0036024
0.0705147 0.0792850 -0.0065680 0.0006217
0.0695346 0.0350776 -0.0013839 -0.0044263
0.0463750 0.0197528 0.0033198 0.0049530
0.0015172 0.0700380 0.0023314 0.0021934
0.0802124 0.0790102 0.0036304 -0.0047807
0.0225996 0.0385609 0.0086175 0.0000443
0.0418558 0.0651923 -0.0073930 -0.0042102
0.0882939 0.0384677 0.0032106 -0.0091109
0.0020063 0.0882011 -0.0037207 -0.0000568
0.0475561 0.0149452 -0.0008463 0.0059332
0.0487324 0.0502334 -0.0091457 0.0053409
0.0197304 0.0484346 0.0103001 -0.0087100
0.0335628 0.0401182 0.0017387 -0.0068883
0.0122379 -0.0627980 -0.0060763 -0.0068183
0.0882560 0.0881600 -0.0073151 -0.0140937
0.0444388 0.0583825 0.0045338 -0.0088202
0.0357933 0.0571742 -0.0056054 0.0017160
0.0796547 0.0188721 -0.0061187 0.0067065
0.0493970 0.0841052 0.0013183 0.0066471
0.0598816 0.0843044 -0.0078337 0.0041527
0.1695720 0.0571357 -0.0098393 -0.0017858
0.0387059 0.0151000 0.0141988 0.0048120
0.0831519 0.0017765 0.0014109 -0.0029349
0.0410296 0.0800317 -0.0021845 -0.0011290
0.0651384 0.0360027 -0.0059361 0.0107293
0.0062303 0.0844163 0.0077555 0.0080005
0.0135123 0.0165926 -0.0141203 0.0047362
0.0396254 0.0249128 0.0009242 0.0089181
0.0516834 0.0524936 -0.0026450 -0.0003028
0.0698998 0.0711159 0.0019098 -0.0134347
0.0523595 0.0351917 0.0135812 -0.0063707
0.0058796 0.0883239 -0.0121015 0.0077005
0.0516902 0.0790691 0.0068391 0.0020008
0.0391486 0.0751682 -0.0042447 0.0021493
0.0152397 0.0284387 -0.0012261 0.0032566
0.0198375 0.0265628 -0.0028704 -0.0000609
0.0494863 0.0735815 0.0018030 0.0033830
0.0845323 0.0575929 -0.0091458 0.0014992
0.0741023 0.0726083 0.0079884 -0.0023385
0.0240605 0.0618613 0.0091765 0.0054458
0.0635692 0.0255951 -0.0006716 0.0216425
0.0085977 0.0669997 -0.0018247 -0.0005782
0.0523343 0.0249153 0.0052486 0.0009302
0.0422934 0.0376567 0.0033574 -0.0035732
-0.0720902 0.0246990 -0.0073064 -0.0068276
0.0278876 0.0371540 0.0030080 0.0136583
0.0161692 0.0095860 0.0096619 0.0099951
0.0038453 0.0420384 0.0037828 -0.0150600
0.0702888 0.0395612 0.0035189 -0.0085344
0.0166221 0.0342216 0.0020237 0.0044832
0.0318131 0.0029358 -0.0089255 0.0105339
0.0794623 0.0441330 0.0092747 0.0086638
0.0566240 0.0086648 0.0027694 -0.0165575
0.0594674 0.0434505 0.0070675 0.0030658
0.0166193 0.0161222 0.0053824 0.0053719
0.0704920 0.0460903 0.0115309 -0.0035571
0.0714250 0.0535589 0.0039967 0.0005543
0.0623516 0.0718878 0.0179140 -0.0036412
0.0623513 0.0565524 -0.0106953 0.0120833
0.0254615 0.0016752 -0.0016901 0.0101878
0.0296370 0.0769184 0.0072843 -0.0046707
0.0188327 0.0711735 -0.0070340 0.0083363
0.0164095 0.0463019 -0.0011382 -0.0035657
0.0233806 0.0422942 0.0073334 -0.0092783
0.0262606 0.0815070 0.0008447 -0.0089252
0.0467765 0.0791706 -0.0091266 0.0118229
0.0833940 0.0750636 0.0052732 -0.0048074
0.0457035 0.0845132 -0.0064724 0.0029170
0.0552977 0.0534030 -0.0053876 -0.0006778
0.0022489 0.0360376 0.0030042 -0.0077139
0.0082842 0.0583760 0.0022992 0.0035067
0.0837639 0.0280189 0.0002886 -0.0046378
0.0123511 0.0215303 0.0002177 0.0057276
0.0185514 0.0669141 -0.0101200 -0.0047992
0.0050549 0.0489280 -0.0088061 0.0017145
0.0526333 0.0732567 0.0060241 0.0030518
0.0585338 0.0021297 -0.0112773 0.0106706
0.0187440 0.0197353 -0.0038093 0.0067666
0.0191988 0.0844375 0.0018768 -0.0027865
0.0658774 0.0046218 -0.0099894 -0.0051654
0.0041271 0.0065404 0.0073969 0.0008797
0.0239367 0.0759208 -0.0068027 -0.0031252
0.0843914 0.0540574 -0.0129859 0.0076793
0.0197614 0.0034501 -0.0029692 -0.0020526
0.0084421 0.0467753 -0.0042517 -0.0061641
0.0597209 0.0280422 -0.0045740 0.0050973
0.0535670 0.0451039 -0.0003084 0.0021291
0.0103430 0.0160267 0.0031327 0.0018831
0.0699819 0.0681061 -0.0025040 -0.0048003
0.0226354 0.0207706 -0.0138530 0.0057078
0.0257525 0.0718132 -0.0044469 0.0172331
0.0147826 0.0733997 -0.0025019 -0.0049496
0.0194344 0.0880816 0.0009148 -0.0082286
0.0565204 0.0490679 0.0048497 0.0052372
0.0734712 0.0674832 0.0018099 -0.0072181
0.0689271 0.0130277 -0.0056522 -0.0013803
0.0538388 0.0853677 -0.0076333 -0.0030882
0.0347901 0.0702704 -0.0016366 -0.0000150
0.0253052 0.0650940 0.0078837 -0.0087627
0.0658523 0.0541136 0.0086324 0.0063973
0.0255726 0.0182214 0.0057624 0.0070629
0.0473222 0.0655196 -0.0009286 -0.0027679
0.0421532 0.0851159 0.0012670 0.0052860
0.0321300 0.0108152 -0.0030638 0.0046732
0.0029426 0.0633723 -0.0036910 0.0030001
0.0597787 0.0787142 0.0040262 -0.0066115
0.0142164 0.0489763 -0.0061218 -0.0049808
0.0668724 0.0076670 -0.0106674 -0.0070723
0.0082060 0.0060425 -0.0113267 -0.0079772
0.0872684 0.0788385 0.0040018 -0.0013685
0.0131719 0.0426218 0.0023260 -0.0046016
0.0771562 0.0770377 -0.0026610 -0.0135068
0.0050322 0.0151490 -0.0066252 0.0193341
0.0850805 0.0101766 0.0129015 0.0053591
0.0603548 0.0484641 0.0144039 -0.0047926
0.0708976 0.0203734 -0.0001250 0.0067989
0.0773589 0.0864729 -0.0071006 -0.0072874
0.0609099 0.0106754 -0.0030092 0.0036651
0.0499617 0.0022706 0.0003044 -0.0048685
0.0644038 0.0161324 0.0004031 0.0065348
0.0035520 0.0825389 -0.0071906 -0.0090936
0.0829702 0.0324295 0.0064849 0.0019219
0.0863206 0.0480153 0.0096521 0.0084815
0.0194059 0.0375504 -0.0069785 -0.0021651
0.0438749 0.0502599 -0.0181049 -0.0108554
0.0015805 0.0459373 0.0045667 0.0047345
0.0633285 0.0670684 -0.0051148 0.0069291
0.0231219 0.0150814 0.0084308 -0.0043389
0.0177134 0.0741989 0.0015582 -0.0100319
0.0260118 0.0332482 -0.0049615 0.0081944
0.0697583 0.0233388 0.0006556 0.0044374
0.0354095 0.0791611 0.0108477 0.0051163
0.0792124 0.0225370 -0.0148527 -0.0032862
0.0445508 0.0431416 -0.0062689 0.0060352
0.0783621 0.0386520 -0.0049204 0.0050799
0.0129233 0.0264811 0.0023096 -0.0017694
0.0081145 0.0763090 -0.0026350 -0.0044040
0.0065444 0.0284280 0.0079913 0.0068864
0.0188849 0.0069037 -0.0052402 0.0021555
0.0132589 0.0531271 -0.0061286 0.0028147
0.0516632 0.0393508 -0.0023496 -0.0127336
0.0499232 0.0122148 0.0102336 -0.0111705
0.0331707 0.0513725 0.0009494 0.0032355
0.0270054 0.0083625 0.0167179 -0.0029373
0.0677671 0.0416165 -0.0118761 0.0062077
0.0408774 0.0724486 0.0003999 0.0108132
0.0400367 0.0353577 -0.0040462 0.0027038
0.0396539 0.0883858 -0.0021139 0.0217277
0.0086721 0.0424140 -0.0010969 0.0013796
0.0308518 0.0376165 -0.0067335 0.0006913
0.0233541 0.0110057 0.0112340 0.0027257
0.0350263 0.0167056 -0.0067696 -0.0021697
0.0606446 0.0879970 -0.0030283 -0.0032601
0.0561000 0.0349280 0.0044563 0.0056641
0.0230668 0.0839927 -0.0036194 0.0007711
0.0385166 0.0437371 0.0079073 -0.0033737
0.0042213 0.0760031 -0.0104175 0.0008812
0.0329887 0.0584399 -0.0127522 -0.0003290
0.0377933 0.0819538 0.0060891 -0.0020128
0.0407879 0.0682611 0.0010517 0.0072532
0.0640827 0.0392687 0.0015180 -0.0025401
0.0866969 0.0339123 0.0031202 -0.0041368
