0
18.04 18.45
7.76 17.22
13.85 12.26
6.06 15.8
8.23 8.7
17.57 5.8
18.01 0.3
4.26 8.81
3.05 11.81
5.23 8.57
8.88 16.16
1.47 17.43
18.51 2.9
11.06 2.25
0.54 19.46
12.33 9.6
3.42 9.86
6.59 1.31
15.46 0.68
8.35 9.7
16.06 3.92
9.58 18.36
8.54 9.62
17.62 15.46
7.4 17.14
14.58 19.2
12.6 5.51
13.7 8.24
16.58 7.86
9.19 3.31
8.59 13.06
9.06 14.17
16.64 1.78
0.96 10.82
4.57 0.35
6.67 6.68
5.5 18.74
0.72 5.65
8.1 8.48
7.19 18.02
3.74 1.06
14.91 7.32
15.36 1.41
3.52 18.21
9.67 0.76
7.38 14.74
4.07 10.21
0.75 8.03
19.05 7.38
18.34 2.74
4.02 13.9
12.9 1.06
6.53 2.24
14.48 10.7
18.55 11.03
9.86 7.33
14.01 7.28
6.72 1.62
14.0 15.34
0.99 16.74
7.52 4.0
0.33 15.61
7.63 17.79
1.59 17.98
18.59 6.91
11.8 18.49
0.62 12.36
8.25 6.65
7.23 11.11
14.05 17.61
19.22 2.38
19.67 11.36
18.66 4.47
18.8 11.32
19.05 4.74
13.41 16.9
4.08 5.02
16.36 15.15
0.81 5.38
6.65 8.05
8.74 3.27
19.05 8.42
15.05 0.64
16.92 18.74
0.04 12.86
9.64 0.52
0.29 16.41
19.94 2.41
0.04 5.76
17.56 12.58
4.3 3.57
16.96 15.42
4.77 18.99
3.92 7.2
8.83 9.54
16.1 6.1
2.38 9.93
14.99 19.17
9.42 10.8
8.9 8.18
14.28 15.06
11.42 2.34
13.97 18.4
5.31 1.94
17.43 14.26
5.35 12.81
6.52 0.86
12.3 10.99
5.33 7.57
15.7 15.93
4.52 5.59
4.0 5.08
12.5 11.22
3.12 8.49
14.02 13.36
7.22 9.64
15.36 3.77
8.93 5.42
16.48 3.84
2.28 5.59
14.26 4.78
8.31 11.61
2.81 17.66
18.52 14.58
0.77 18.18
13.81 4.49
10.65 12.01
5.39 9.85
19.83 19.53
12.36 7.66
14.65 2.14
3.51 11.4
3.99 16.93
13.69 16.62
16.7 18.78
4.96 4.66
19.35 12.26
2.79 12.37
13.02 0.6
17.36 0.44
13.59 3.26
5.27 14.53
17.49 12.82
11.46 5.73
19.37 17.8
12.8 17.31
10.46 10.17
4.78 1.37
13.76 5.28
1.54 12.19
17.55 9.38
12.79 8.31
18.24 13.92
0.82 17.3
15.28 4.74
7.22 4.78
10.4 6.81
1.57 9.36
11.6 19.96
14.98 19.18
16.55 17.1
14.51 18.15
3.65 6.51
5.37 5.6
7.57 17.5
6.83 10.44
9.68 0.68
19.08 13.97
9.89 19.96
8.84 14.1
9.59 9.18
4.77 11.11
10.57 19.43
12.82 6.98
18.83 9.6
19.25 19.62
14.24 12.16
1.91 14.92
15.52 14.79
4.65 2.45
10.31 10.31
19.53 5.5
8.61 3.51
18.47 17.56
6.85 13.62
3.65 13.35
11.82 13.23
18.3 8.66
10.33 12.19
19.3 11.9
13.11 2.94
19.82 10.8
