20.0
192
1.0
0.25 1
0.25 1
0.25 1
0.25 1
0.25 1
0.25 1
0.25 1
0.25 1
0.25 1
0.25 1
0.25 1
0.25 1
0.25 1
0.25 1
0.25 1
0.25 1
0.25 1
0.25 1
0.25 1
0.25 1
0.25 1
0.25 1
0.25 1
0.25 1
0.25 1
0.25 1
0.25 1
0.25 1
0.25 1
0.25 1
0.25 1
0.25 1
0.25 1
0.25 1
0.25 1
0.25 1
0.25 1
0.25 1
0.25 1
0.25 1
0.25 1
0.25 1
0.25 1
0.25 1
0.25 1
0.25 1
0.25 1
0.25 1
0.25 1
0.25 1
0.25 1
0.25 1
0.25 1
0.25 1
0.25 1
0.25 1
0.25 1
0.25 1
0.25 1
0.25 1
0.25 1
0.25 1
0.25 1
0.25 1
0.25 1
0.25 1
0.25 1
0.25 1
0.25 1
0.25 1
0.25 1
0.25 1
0.25 1
0.25 1
0.25 1
0.25 1
0.25 1
0.25 1
0.25 1
0.25 1
0.25 1
0.25 1
0.25 1
0.25 1
0.25 1
0.25 1
0.25 1
0.25 1
0.25 1
0.25 1
0.25 1
0.25 1
0.25 1
0.25 1
0.25 1
0.25 1
0.25 1
0.25 1
0.25 1
0.25 1
0.25 1
0.25 1
0.25 1
0.25 1
0.25 1
0.25 1
0.25 1
0.25 1
0.25 1
0.25 1
0.25 1
0.25 1
0.25 1
0.25 1
0.25 1
0.25 1
0.25 1
0.25 1
0.25 1
0.25 1
0.25 1
0.25 1
0.25 1
0.25 1
0.25 1
0.25 1
0.25 1
0.25 1
0.25 1
0.25 1
0.25 1
0.25 1
0.25 1
0.25 1
0.25 1
0.25 1
0.25 1
0.25 1
0.25 1
0.25 1
0.25 1
0.25 1
0.25 1
0.25 1
0.25 1
0.25 1
0.25 1
0.25 1
0.25 1
0.25 1
0.25 1
0.25 1
0.25 1
0.25 1
0.25 1
0.25 1
0.25 1
0.25 1
0.25 1
0.25 1
0.25 1
0.25 1
0.25 1
0.25 1
0.25 1
0.25 1
0.25 1
0.25 1
0.25 1
0.25 1
0.25 1
0.25 1
0.25 1
0.25 1
0.25 1
0.25 1
0.25 1
0.25 1
0.25 1
0.25 1
0.25 1
0.25 1
0.25 1
0.25 1
0.25 1
0.25 1
0.25 1
0.25 1
0.25 1
0.25 1
0.25 1
0.25 1